Climatic Research Unit Country File created on Tue 19 Sep 2017 17:57:34 BST, from CRU TS run #1709081022
Country = Bermuda              : parameter = Maximum Temperature            : Units = degrees Celsius     
Period = 1901.2016 : missing value = -999.0 : format = (i5,17f8.1)
 YEAR     JAN     FEB     MAR     APR     MAY     JUN     JUL     AUG     SEP     OCT     NOV     DEC     MAM     JJA     SON     DJF     ANN
 1901    22.3    18.1    21.5    20.6    24.0    28.0    31.6    31.4    30.5    28.3    21.4    21.8    22.0    30.3    26.7    20.5    25.0
 1902    20.8    18.9    22.3    22.1    25.1    27.5    29.8    29.6    29.6    29.3    27.3    22.0    23.2    29.0    28.7    22.4    25.4
 1903    22.4    22.9    24.6    22.9    25.7    26.1    30.4    29.8    29.4    28.5    22.4    19.7    24.4    28.8    26.8    18.9    25.4
 1904    19.0    17.9    20.3    21.0    26.0    27.5    29.6    29.9    29.5    26.7    22.1    19.5    22.4    29.0    26.1    18.8    24.1
 1905    19.9    17.0    21.1    22.1    25.9    27.6    30.4    30.0    30.0    28.8    24.0    23.2    23.0    29.3    27.6    23.1    25.0
 1906    25.2    21.0    19.6    23.0    25.9    28.8    29.8    32.2    31.9    28.9    24.2    22.4    22.8    30.3    28.3    21.7    26.1
 1907    24.2    18.6    22.6    19.8    23.4    26.0    30.5    30.4    31.1    26.1    24.2    23.7    21.9    29.0    27.1    22.1    25.1
 1908    22.6    20.0    22.9    23.7    26.2    28.4    31.3    30.4    29.6    29.4    24.8    23.6    24.3    30.0    27.9    24.2    26.1
 1909    24.6    24.4    20.8    22.9    25.4    29.1    29.5    30.1    29.3    26.9    26.1    20.1    23.0    29.6    27.4    21.6    25.8
 1910    22.9    21.7    23.9    24.4    25.1    27.6    30.8    30.2    30.6    29.9    22.2    19.1    24.5    29.5    27.6    21.7    25.7
 1911    24.1    21.8    20.0    21.2    26.4    28.8    31.3    31.4    30.9    28.7    23.9    25.2    22.5    30.5    27.8    21.1    26.1
 1912    18.9    19.3    20.7    23.9    26.1    27.9    30.3    30.6    31.1    29.5    24.5    24.5    23.6    29.6    28.4    24.6    25.6
 1913    27.6    21.6    24.0    22.9    25.7    27.8    30.9    30.5    29.2    29.2    24.8    23.7    24.2    29.7    27.7    22.2    26.5
 1914    23.2    19.7    18.7    21.9    26.2    28.7    29.7    31.2    28.6    29.4    23.7    21.2    22.3    29.9    27.2    22.4    25.2
 1915    23.2    22.7    18.0    23.2    25.2    26.7    30.0    30.7    31.1    29.2    24.7    20.7    22.1    29.1    28.3    22.1    25.5
 1916    24.7    20.8    18.5    21.4    26.0    27.0    29.9    30.7    29.1    28.4    24.2    21.6    22.0    29.2    27.2    21.4    25.2
 1917    22.9    19.7    20.6    21.6    23.0    27.7    30.4    30.9    28.0    26.7    22.0    17.9    21.7    29.7    25.6    18.9    24.3
 1918    17.2    21.6    22.3    22.1    27.3    27.0    29.3    31.7    28.5    30.0    24.5    24.4    23.9    29.3    27.7    23.0    25.5
 1919    23.3    21.4    22.1    22.1    26.2    27.9    30.6    30.4    30.1    31.9    24.7    20.5    23.5    29.6    28.9    20.1    25.9
 1920    20.0    19.7    20.9    22.0    23.1    27.5    29.6    30.9    30.9    29.9    24.6    23.6    22.0    29.3    28.5    23.3    25.2
 1921    23.6    22.8    26.0    24.6    24.3    28.5    30.9    29.9    32.4    28.4    26.0    22.4    25.0    29.8    28.9    22.2    26.6
 1922    21.2    22.9    22.5    23.4    26.3    29.0    30.1    29.7    30.1    29.3    24.7    23.4    24.1    29.6    28.0    22.0    26.1
 1923    23.1    19.4    21.7    22.7    25.1    29.5    29.7    30.8    30.8    27.7    24.0    26.0    23.2    30.0    27.5    23.1    25.9
 1924    23.1    20.3    20.3    22.4    24.9    28.3    29.9    31.2    29.1    27.8    25.0    22.7    22.5    29.8    27.3    23.5    25.4
 1925    22.4    25.3    23.0    23.9    24.8    30.2    30.7    30.4    31.6    27.2    24.1    22.2    23.9    30.4    27.6    22.2    26.3
 1926    22.5    22.0    18.9    21.5    24.8    27.2    30.4    32.1    30.6    28.8    24.8    21.5    21.7    29.9    28.1    23.0    25.4
 1927    22.1    25.3    22.4    21.9    25.5    26.7    29.8    29.2    30.4    30.1    26.9    23.5    23.3    28.6    29.1    22.8    26.2
 1928    22.8    22.1    21.2    21.9    24.1    28.0    30.5    32.0    29.3    29.6    24.9    23.0    22.4    30.2    27.9    22.6    25.8
 1929    23.2    21.5    23.9    24.0    25.8    28.3    30.1    30.3    30.2    27.9    25.5    23.2    24.6    29.6    27.9    23.8    26.2
 1930    24.3    23.9    21.3    22.3    27.3    29.3    31.5    30.6    32.5    27.5    24.8    21.7    23.6    30.5    28.3    20.9    26.4
 1931    20.7    20.4    20.6    23.0    25.8    27.3    30.3    32.0    31.2    28.3    25.4    23.3    23.1    29.9    28.3    22.5    25.7
 1932    23.1    21.1    20.7    22.7    25.1    28.0    30.5    31.2    29.2    27.8    25.4    24.0    22.8    29.9    27.5    23.0    25.7
 1933    23.5    21.5    21.2    23.1    26.1    28.4    30.5    30.7    30.4    29.0    24.9    22.9    23.5    29.9    28.1    21.3    26.0
 1934    22.0    19.0    22.5    24.0    26.1    28.6    30.2    30.8    30.9    28.3    25.6    22.1    24.2    29.9    28.3    21.2    25.8
 1935    20.7    20.9    21.6    23.0    25.2    28.2    30.3    30.3    30.3    28.1    26.0    21.0    23.3    29.6    28.1    20.6    25.5
 1936    21.1    19.7    22.4    23.4    25.3    28.0    30.7    31.4    30.3    29.2    25.2    23.6    23.7    30.0    28.2    23.0    25.9
 1937    24.9    20.6    21.3    22.3    25.0    28.3    31.3    32.6    30.3    28.7    25.2    22.7    22.9    30.7    28.1    21.8    26.1
 1938    21.8    20.9    21.6    23.5    26.4    28.6    30.4    31.6    30.3    28.7    26.7    23.3    23.8    30.2    28.6    22.3    26.2
 1939    21.7    22.0    21.9    23.7    26.1    28.5    29.7    31.0    30.2    28.5    24.7    22.0    23.9    29.7    27.8    20.2    25.8
 1940    19.3    19.4    20.2    21.7    24.8    27.9    30.2    30.2    29.5    27.2    24.5    23.0    22.2    29.4    27.1    21.2    24.8
 1941    20.8    19.9    19.6    22.3    24.4    27.4    31.3    30.8    30.0    28.7    26.5    23.1    22.1    29.8    28.4    21.2    25.4
 1942    21.5    19.0    21.8    22.8    25.4    28.9    30.8    31.2    30.5    28.3    24.8    22.2    23.3    30.3    27.9    21.6    25.6
 1943    21.9    20.8    21.5    22.0    25.2    29.6    30.8    30.9    28.9    27.8    24.5    22.0    22.9    30.4    27.1    21.0    25.5
 1944    20.8    20.2    21.0    23.1    26.0    28.3    30.4    30.5    30.1    27.3    22.9    21.3    23.4    29.7    26.8    20.4    25.2
 1945    19.8    20.2    22.2    24.3    24.9    27.4    30.6    31.3    30.7    28.2    25.0    21.4    23.8    29.8    28.0    21.1    25.5
 1946    21.6    20.2    22.7    22.0    26.1    27.5    29.5    30.5    30.1    28.6    25.6    23.0    23.6    29.2    28.1    22.0    25.6
 1947    23.2    19.7    19.8    23.7    25.8    27.9    31.0    31.5    30.9    28.2    24.1    21.5    23.1    30.1    27.7    20.9    25.6
 1948    20.3    20.8    21.3    22.9    25.7    28.0    30.3    31.1    28.7    27.5    26.5    23.2    23.3    29.8    27.6    22.5    25.5
 1949    22.4    21.8    21.6    23.3    25.3    27.8    30.7    31.0    29.5    28.8    25.5    22.4    23.4    29.8    27.9    22.4    25.8
 1950    23.2    21.7    21.1    22.4    25.0    28.0    31.0    31.0    29.4    28.3    25.5    22.4    22.8    30.0    27.7    21.7    25.7
 1951    21.9    20.9    20.5    23.2    25.2    28.0    30.9    31.2    30.4    29.6    25.2    23.1    23.0    30.0    28.4    22.0    25.8
 1952    22.0    21.0    20.8    23.9    25.5    28.9    31.3    31.8    30.6    29.1    24.5    21.8    23.4    30.7    28.1    21.8    25.9
 1953    22.0    21.6    21.5    23.2    26.1    27.6    31.1    31.5    30.4    28.5    25.9    23.6    23.6    30.1    28.3    22.4    26.1
 1954    22.1    21.6    22.3    24.2    25.9    26.6    31.2    31.5    30.9    29.2    25.6    22.4    24.1    29.8    28.6    21.0    26.1
 1955    20.6    20.1    22.1    23.4    25.5    27.7    30.5    30.9    30.3    28.5    25.1    21.0    23.7    29.7    28.0    20.8    25.5
 1956    20.0    21.5    21.9    22.7    25.3    28.1    31.9    30.8    30.5    28.8    24.6    24.1    23.3    30.3    28.0    22.6    25.9
 1957    21.6    22.1    21.4    22.7    25.5    27.6    28.9    29.5    29.2    27.3    24.9    22.4    23.2    28.7    27.1    20.3    25.3
 1958    20.0    18.5    19.3    21.2    24.6    27.4    31.0    31.2    29.5    27.9    25.7    22.3    21.7    29.9    27.7    21.4    24.9
 1959    20.7    21.1    21.3    22.2    24.3    27.4    30.9    30.4    28.3    30.3    25.8    22.8    22.6    29.6    28.1    21.6    25.5
 1960    21.1    20.9    19.4    23.5    24.9    28.5    30.3    31.0    29.8    28.3    25.1    20.8    22.6    29.9    27.7    20.7    25.3
 1961    20.6    20.7    21.0    21.8    24.3    27.9    30.2    31.3    31.0    28.8    24.5    21.9    22.4    29.8    28.1    21.8    25.3
 1962    22.2    21.4    20.1    22.5    24.3    27.5    29.6    30.8    29.7    28.4    24.3    21.7    22.3    29.3    27.5    20.8    25.2
 1963    20.4    20.4    21.5    21.3    24.7    27.6    30.5    30.1    29.0    27.0    24.0    20.4    22.5    29.4    26.7    20.2    24.7
 1964    20.4    19.8    20.6    21.9    24.6    26.7    29.3    29.7    29.2    27.7    24.3    22.5    22.4    28.6    27.1    21.3    24.7
 1965    21.0    20.3    20.1    21.1    24.5    27.2    29.7    30.3    28.9    26.7    24.1    21.5    21.9    29.1    26.6    20.3    24.6
 1966    20.1    19.3    20.1    21.4    24.7    27.2    29.5    31.1    29.6    28.0    24.3    21.7    22.1    29.3    27.3    21.4    24.8
 1967    21.7    20.8    20.4    21.1    23.7    25.6    29.4    30.8    29.1    27.7    24.5    21.9    21.7    28.6    27.1    20.5    24.7
 1968    20.0    19.5    20.9    22.4    24.5    27.8    30.6    31.4    29.3    27.7    24.9    21.3    22.6    29.9    27.3    20.4    25.0
 1969    19.9    20.1    19.4    23.1    24.8    28.2    30.8    31.1    30.1    28.1    24.4    21.8    22.4    30.0    27.5    20.7    25.2
 1970    19.9    20.4    20.7    22.7    25.2    27.6    29.1    29.8    29.3    27.3    24.8    22.2    22.9    28.8    27.1    21.4    24.9
 1971    20.7    21.2    21.0    20.4    24.5    28.1    30.6    31.1    31.0    30.5    25.1    22.4    22.0    29.9    28.9    22.1    25.6
 1972    22.5    21.4    21.7    23.5    25.1    27.4    30.7    30.2    30.2    30.3    24.6    25.4    23.4    29.4    28.4    22.8    26.1
 1973    22.2    20.9    22.1    22.5    25.4    30.1    29.7    31.9    30.5    27.7    26.0    23.2    23.3    30.6    28.1    24.5    26.0
 1974    27.6    22.6    23.6    23.8    25.2    28.9    31.2    31.6    30.3    27.2    26.5    24.4    24.2    30.6    28.0    24.1    26.9
 1975    24.3    23.5    23.2    21.9    26.1    28.6    31.1    32.7    31.1    30.1    27.6    23.9    23.7    30.8    29.6    23.2    27.0
 1976    22.8    22.8    23.9    23.8    26.1    30.0    30.8    30.5    29.9    29.2    25.5    23.4    24.6    30.4    28.2    21.5    26.6
 1977    19.8    21.2    24.0    24.9    26.8    28.2    31.8    32.1    32.2    28.1    26.5    23.0    25.2    30.7    28.9    20.2    26.6
 1978    20.5    17.0    20.5    23.6    24.8    28.3    30.1    32.8    30.9    28.0    27.4    24.4    23.0    30.4    28.8    21.7    25.7
 1979    22.2    18.6    22.9    23.7    26.4    26.8    30.3    31.6    31.1    28.7    27.3    23.7    24.3    29.6    29.0    21.6    26.1
 1980    22.6    18.4    20.6    23.8    26.5    28.2    32.0    32.4    32.3    28.1    24.3    22.0    23.6    30.9    28.2    21.1    25.9
 1981    20.4    21.0    19.9    22.9    24.9    28.9    30.5    31.6    30.1    28.2    26.0    22.8    22.6    30.3    28.1    22.7    25.6
 1982    21.9    23.3    24.1    25.1    27.5    29.8    32.3    32.8    32.1    29.2    26.6    24.7    25.6    31.6    29.3    23.3    27.5
 1983    23.1    22.1    23.6    23.9    26.4    29.7    31.9    33.1    32.2    30.2    26.4    24.9    24.6    31.6    29.6    24.1    27.3
 1984    23.6    23.8    23.2    24.0    27.2    28.9    30.9    32.1    30.2    29.0    25.6    24.6    24.8    30.6    28.3    22.8    26.9
 1985    21.7    22.1    23.0    24.5    27.1    29.6    31.6    31.4    30.6    29.7    27.0    24.3    24.9    30.9    29.1    23.6    26.9
 1986    23.2    23.3    23.5    24.2    25.6    29.2    31.4    31.7    29.3    29.7    27.7    23.8    24.4    30.8    28.9    22.6    26.9
 1987    22.8    21.2    21.6    23.8    26.0    29.2    31.4    30.9    31.5    29.7    26.0    23.3    23.8    30.5    29.1    22.9    26.4
 1988    22.5    22.9    23.2    25.4    28.3    27.8    32.6    33.9    32.8    30.4    28.2    24.5    25.6    31.4    30.5    24.5    27.7
 1989    24.4    24.6    22.6    26.1    27.8    31.1    32.4    32.5    32.5    30.7    28.1    23.9    25.5    32.0    30.4    24.6    28.1
 1990    25.7    24.3    24.7    25.3    27.6    30.3    32.6    31.8    31.0    29.8    26.4    25.2    25.9    31.6    29.1    24.8    27.9
 1991    25.1    24.2    24.0    25.2    28.9    29.0    32.5    33.3    30.3    29.6    26.7    23.7    26.0    31.6    28.9    23.4    27.7
 1992    23.3    23.3    23.5    24.6    27.1    28.8    32.5    33.1    31.9    29.4    26.7    24.2    25.1    31.5    29.3    23.7    27.4
 1993    24.2    22.8    23.7    25.1    27.5    29.0    31.7    32.6    32.4    30.8    26.6    25.2    25.4    31.1    29.9    24.4    27.6
 1994    23.9    24.1    24.1    26.2    25.0    30.9    33.4    31.6    32.8    30.1    27.3    24.9    25.1    32.0    30.1    23.7    27.9
 1995    23.5    22.7    22.8    24.6    25.6    29.2    31.8    31.8    29.9    31.0    23.8    20.8    24.3    30.9    28.2    21.5    26.5
 1996    22.2    21.6    20.2    23.2    25.2    28.9    29.8    30.1    30.5    28.6    22.7    23.7    22.9    29.6    27.3    22.8    25.6
 1997    21.5    23.1    24.7    21.7    24.6    26.6    30.8    31.0    29.7    28.2    24.2    22.5    23.7    29.5    27.4    23.5    25.7
 1998    24.4    23.6    22.0    23.3    25.7    29.5    31.0    32.8    32.6    30.1    26.2    26.2    23.7    31.1    29.6    25.2    27.3
 1999    25.8    23.7    22.1    23.3    26.5    28.7    33.3    33.0    31.1    29.4    27.4    24.6    24.0    31.7    29.3    23.5    27.4
 2000    22.5    23.3    24.3    23.3    27.4    30.1    30.4    31.7    30.8    29.0    24.2    19.9    25.0    30.7    28.0    21.5    26.4
 2001    21.5    23.1    21.3    23.3    26.0    28.8    30.2    32.2    30.3    29.1    27.9    26.4    23.5    30.4    29.1    25.2    26.7
 2002    25.0    24.1    24.0    25.6    26.9    30.5    32.7    32.4    32.1    30.6    24.9    22.2    25.5    31.9    29.2    21.3    27.6
 2003    20.9    20.9    23.1    23.4    25.2    28.9    31.9    33.3    31.9    29.2    28.0    23.0    23.9    31.4    29.7    21.6    26.6
 2004    20.4    21.5    22.5    24.9    29.8    29.4    32.4    31.3    30.9    28.9    26.4    23.5    25.7    31.0    28.7    22.4    26.8
 2005    22.5    21.2    19.9    22.6    23.3    27.6    31.9    33.3    32.1    29.6    26.6    21.9    21.9    30.9    29.4    23.2    26.0
 2006    25.8    21.8    21.7    24.3    25.6    28.9    31.9    33.2    29.5    28.5    27.2    25.8    23.9    31.3    28.4    23.5    27.0
 2007    25.6    19.2    22.7    22.9    26.2    29.5    31.3    32.5    31.7    33.2    25.0    24.5    23.9    31.1    30.0    24.0    27.0
 2008    23.6    23.9    23.4    24.3    25.3    31.5    31.9    31.6    31.4    28.3    24.7    23.1    24.3    31.7    28.1    22.0    26.9
 2009    22.2    20.7    21.3    23.2    25.7    28.5    30.7    31.6    30.4    28.9    26.0    23.2    23.4    30.3    28.4    21.2    26.0
 2010    20.5    19.8    21.1    22.7    25.0    28.8    30.7    31.4    30.0    28.7    24.9    21.2    22.9    30.3    27.9    21.8    25.4
 2011    21.4    22.9    22.6    24.2    25.3    28.7    30.7    30.6    30.0    29.6    26.7    24.7    24.0    30.0    28.8    24.0    26.5
 2012    24.1    23.1    23.7    24.5    26.4    27.2    30.1    30.4    29.9    29.6    25.9    24.4    24.9    29.2    28.5    23.4    26.6
 2013    23.6    22.3    21.8    23.3    24.9    28.7    30.4    30.7    30.1    29.3    25.1    24.1    23.3    29.9    28.2    24.1    26.2
 2014    24.0    24.1    23.7    24.2    25.7    28.8    30.1    30.6    30.0    29.3    27.3    24.3    24.5    29.8    28.9    22.8    26.8
 2015    23.1    21.1    21.9    23.8    25.5    29.1    31.4    31.2    30.9    29.0    26.3    24.8    23.7    30.6    28.7    23.4    26.5
 2016    22.9    22.5    23.8    23.7    26.3    28.3    31.2    32.0    31.2    29.1    24.9    23.5    24.6    30.5    28.4  -999.0    26.6
