Climatic Research Unit Country File created on Tue 19 Sep 2017 17:57:34 BST, from CRU TS run #1709081022
Country = Guyana               : parameter = Maximum Temperature            : Units = degrees Celsius     
Period = 1901.2016 : missing value = -999.0 : format = (i5,17f8.1)
 YEAR     JAN     FEB     MAR     APR     MAY     JUN     JUL     AUG     SEP     OCT     NOV     DEC     MAM     JJA     SON     DJF     ANN
 1901    29.9    30.1    30.2    30.7    30.3    30.4    30.9    31.1    31.1    31.4    31.2    29.9    30.4    30.8    31.2    29.7    30.6
 1902    29.5    29.7    29.6    30.4    30.7    30.5    30.5    31.1    31.3    31.2    31.5    30.4    30.2    30.7    31.3    30.1    30.5
 1903    29.8    29.9    30.0    30.2    29.7    30.1    30.8    30.9    31.1    32.5    31.2    30.1    30.0    30.6    31.6    29.5    30.5
 1904    29.2    29.1    29.1    29.8    29.9    29.3    30.4    30.6    31.7    31.2    31.1    30.1    29.6    30.1    31.4    29.9    30.1
 1905    30.4    29.2    29.8    30.2    29.8    29.7    30.3    31.1    31.7    31.6    31.5    29.3    30.0    30.4    31.6    29.5    30.4
 1906    29.5    29.8    29.9    29.8    30.1    29.5    29.9    30.9    31.3    31.9    31.7    30.0    29.9    30.1    31.6    29.5    30.3
 1907    29.1    29.4    29.1    29.5    29.3    29.4    29.9    30.8    31.5    32.0    31.3    30.0    29.3    30.1    31.6    29.6    30.1
 1908    29.2    29.6    29.4    30.0    29.7    29.7    29.8    30.6    31.6    31.7    31.0    31.0    29.7    30.1    31.4    29.8    30.3
 1909    29.3    29.2    29.8    30.1    29.7    29.5    29.9    30.7    31.3    31.7    31.9    29.9    29.9    30.0    31.6    29.6    30.3
 1910    29.3    29.6    29.6    29.7    30.1    29.8    30.2    31.0    31.1    31.0    31.5    30.7    29.8    30.3    31.2    29.7    30.3
 1911    29.1    29.3    29.9    29.9    29.8    29.6    29.6    30.7    31.5    31.6    31.4    30.1    29.9    29.9    31.5    30.1    30.2
 1912    30.0    30.3    30.4    30.6    30.1    29.7    30.0    30.8    31.2    32.0    31.4    30.2    30.4    30.1    31.5    29.8    30.6
 1913    29.0    30.1    29.5    30.3    30.2    29.7    29.4    30.0    31.1    30.9    30.6    29.4    30.0    29.7    30.9    29.9    30.0
 1914    29.9    30.4    30.5    29.8    29.2    29.6    29.6    29.7    30.5    30.8    30.3    29.6    29.9    29.6    30.5    29.6    30.0
 1915    29.6    29.6    30.3    30.4    30.1    29.3    29.8    31.0    31.3    31.9    31.1    29.9    30.3    30.0    31.4    29.5    30.4
 1916    29.2    29.3    29.9    30.4    29.6    29.2    29.5    29.8    30.7    31.0    30.5    29.3    30.0    29.5    30.7    28.9    29.9
 1917    28.6    28.9    29.2    29.3    29.6    29.3    29.7    29.8    30.6    30.9    30.8    29.7    29.4    29.6    30.7    29.1    29.7
 1918    28.8    28.9    29.2    29.1    29.1    29.7    30.2    30.3    31.3    31.6    31.3    29.6    29.1    30.1    31.4    29.6    29.9
 1919    29.2    29.9    29.8    29.8    29.5    29.9    30.0    30.3    31.1    31.3    30.5    29.8    29.7    30.1    31.0    29.3    30.1
 1920    29.2    29.1    29.5    30.0    29.6    29.3    29.6    30.3    30.7    31.5    31.1    29.7    29.7    29.8    31.1    29.4    30.0
 1921    29.2    29.3    29.8    29.7    30.0    29.0    29.3    30.3    31.0    30.8    30.5    29.6    29.8    29.6    30.8    29.4    29.9
 1922    29.3    29.3    29.5    29.8    29.4    29.3    29.7    30.0    30.8    31.1    30.6    28.9    29.6    29.7    30.8    28.8    29.8
 1923    28.8    28.8    29.1    29.6    29.7    29.2    29.8    30.4    31.0    31.4    31.2    29.5    29.5    29.8    31.2    29.5    29.9
 1924    29.4    29.5    29.1    30.4    30.0    29.2    29.7    29.9    30.8    30.4    30.8    29.3    29.8    29.6    30.7    28.9    29.9
 1925    28.4    28.9    29.1    29.8    29.8    29.5    30.1    30.2    30.8    31.5    31.2    30.3    29.6    29.9    31.2    29.9    30.0
 1926    29.6    29.9    30.4    30.8    30.3    30.1    30.0    30.4    31.1    31.4    31.4    29.7    30.5    30.2    31.3    29.2    30.4
 1927    28.9    29.0    29.7    29.9    29.4    29.3    29.4    30.2    30.9    31.1    31.3    29.9    29.6    29.6    31.1    29.4    29.9
 1928    29.0    29.3    29.6    29.7    29.5    29.4    29.6    30.2    31.0    31.5    31.2    29.7    29.6    29.7    31.2    29.2    30.0
 1929    28.8    29.0    29.3    29.5    29.3    29.0    29.4    30.2    30.8    31.3    30.9    29.4    29.4    29.5    31.0    29.0    29.8
 1930    28.6    28.9    29.7    29.7    29.5    29.2    29.4    30.3    30.9    31.3    31.8    30.4    29.6    29.6    31.3    30.2    30.0
 1931    30.0    30.3    30.7    31.1    30.3    30.1    30.0    30.6    31.2    31.6    31.3    30.0    30.7    30.2    31.4    29.7    30.6
 1932    29.5    29.5    30.1    30.2    30.1    29.8    30.1    30.4    31.4    31.8    32.0    30.4    30.1    30.1    31.7    29.6    30.4
 1933    29.3    29.1    29.7    29.9    29.9    29.4    29.8    30.3    31.0    31.1    30.5    29.1    29.8    29.8    30.9    28.7    29.9
 1934    28.3    28.6    29.1    29.7    29.8    29.7    29.9    30.6    31.2    30.8    31.0    29.9    29.5    30.1    31.0    29.6    29.9
 1935    29.5    29.4    29.5    29.9    29.7    29.4    29.9    30.2    31.1    31.5    31.3    30.2    29.7    29.8    31.3    29.5    30.1
 1936    29.0    29.2    29.9    29.7    30.1    29.7    29.9    30.7    31.3    31.4    31.4    30.4    29.9    30.1    31.3    29.8    30.2
 1937    29.4    29.5    29.9    30.0    29.9    29.8    29.7    30.7    31.4    31.8    31.1    30.6    29.9    30.0    31.5    29.8    30.3
 1938    29.3    29.5    29.3    29.5    29.4    29.3    29.8    30.2    31.4    31.6    31.3    30.1    29.4    29.8    31.4    29.3    30.1
 1939    28.9    28.9    29.2    29.3    29.6    29.6    29.7    30.7    31.2    31.7    31.9    30.8    29.4    30.0    31.6    30.2    30.1
 1940    29.7    30.2    30.5    30.9    30.5    30.0    30.4    30.6    31.6    31.9    31.5    30.1    30.7    30.4    31.7    30.1    30.7
 1941    29.9    30.2    30.7    30.9    30.9    29.7    30.3    30.9    31.5    31.9    31.5    30.3    30.8    30.3    31.6    30.3    30.7
 1942    30.1    30.6    30.7    30.3    30.1    29.8    29.7    30.9    31.9    32.3    32.0    30.0    30.4    30.1    32.0    29.7    30.7
 1943    29.5    29.6    29.4    29.8    29.6    29.6    29.7    30.3    31.8    32.0    31.3    30.4    29.6    29.8    31.7    29.8    30.3
 1944    29.4    29.7    29.8    29.9    29.9    29.7    30.0    31.1    31.5    32.3    31.8    30.3    29.8    30.3    31.9    29.8    30.4
 1945    29.6    29.5    30.1    30.1    29.9    29.8    30.0    31.0    31.7    31.7    31.5    30.4    30.0    30.3    31.6    29.8    30.4
 1946    29.6    29.4    30.0    30.0    29.8    29.9    29.9    30.3    31.6    31.8    31.5    30.6    30.0    30.0    31.6    30.0    30.4
 1947    29.5    30.0    30.4    30.5    30.0    30.0    30.0    30.8    31.4    31.7    31.2    30.4    30.3    30.2    31.4    29.8    30.5
 1948    29.7    29.2    29.6    29.7    30.1    29.8    30.0    30.5    31.1    31.5    31.1    29.9    29.8    30.1    31.2    29.3    30.2
 1949    28.8    29.3    29.8    29.6    29.8    29.6    29.8    30.0    30.9    31.2    30.9    29.6    29.7    29.8    31.0    29.3    29.9
 1950    28.8    29.4    29.9    30.3    29.8    29.6    29.8    30.3    31.3    31.2    31.3    30.0    30.0    29.9    31.2    29.4    30.1
 1951    29.1    29.3    29.9    30.0    30.1    29.7    29.9    31.0    31.7    31.9    31.8    30.5    30.0    30.2    31.8    30.1    30.4
 1952    29.9    30.0    30.7    30.8    30.4    29.6    29.9    30.5    31.5    32.1    31.3    30.4    30.6    30.0    31.6    29.8    30.6
 1953    29.7    29.4    29.7    30.0    29.6    29.9    29.8    30.8    31.5    32.1    31.8    30.4    29.8    30.2    31.8    29.6    30.4
 1954    29.1    29.3    29.9    29.6    29.7    29.4    29.5    30.0    31.1    31.3    30.8    29.8    29.7    29.6    31.1    29.5    30.0
 1955    29.2    29.3    29.0    29.4    29.7    29.4    29.5    30.4    31.0    32.0    31.2    29.7    29.4    29.8    31.4    29.5    30.0
 1956    29.5    29.3    29.6    29.8    29.0    29.2    29.4    29.8    30.8    31.1    31.1    29.8    29.5    29.5    31.0    29.4    29.9
 1957    29.1    29.5    29.8    30.1    29.8    29.4    29.6    30.5    32.0    32.0    31.8    30.4    29.9    29.8    31.9    30.2    30.3
 1958    30.2    30.0    30.7    30.4    30.4    30.1    30.2    30.6    31.8    31.7    31.5    30.7    30.5    30.3    31.7    29.9    30.7
 1959    29.7    29.5    30.1    30.3    30.2    29.2    29.6    30.4    30.9    31.2    30.9    30.4    30.2    29.7    31.0    29.8    30.2
 1960    29.5    29.6    30.1    29.9    29.9    29.6    29.8    30.7    31.7    32.0    31.5    30.2    29.9    30.0    31.7    29.9    30.4
 1961    29.9    29.5    30.4    30.7    30.5    29.3    30.0    30.8    31.0    31.5    30.9    29.7    30.5    30.1    31.1    29.5    30.3
 1962    29.4    29.4    30.3    30.0    30.2    29.2    29.5    30.4    31.5    32.1    31.5    30.4    30.2    29.7    31.7    29.9    30.3
 1963    29.7    29.5    29.7    30.0    29.8    29.7    30.3    31.1    32.1    32.7    31.7    30.4    29.9    30.4    32.2    30.3    30.6
 1964    30.1    30.5    30.9    30.7    30.5    29.8    29.9    30.5    32.0    32.0    31.5    30.0    30.7    30.1    31.8    29.6    30.7
 1965    29.7    29.2    29.8    29.9    29.7    29.1    29.9    30.5    32.0    32.3    31.5    30.6    29.8    29.8    31.9    30.3    30.4
 1966    30.2    30.2    30.3    30.2    30.2    29.7    29.9    30.5    31.4    32.2    31.5    30.3    30.2    30.0    31.7    29.8    30.6
 1967    29.3    29.7    29.5    29.8    29.5    29.3    29.6    30.3    31.5    31.7    31.1    30.0    29.6    29.7    31.5    29.6    30.1
 1968    29.3    29.4    29.5    29.7    29.3    29.2    29.6    30.4    31.0    31.7    30.9    30.1    29.5    29.7    31.2    29.8    30.0
 1969    29.5    29.7    30.9    30.8    30.4    29.9    29.5    30.4    31.6    31.7    31.9    30.8    30.7    29.9    31.7    30.1    30.6
 1970    29.7    30.0    30.3    30.0    30.0    29.5    29.4    30.1    30.8    31.8    30.8    30.0    30.1    29.7    31.1    29.6    30.2
 1971    29.5    29.5    29.5    29.6    29.5    29.1    29.8    30.2    31.7    31.1    30.9    29.7    29.5    29.7    31.2    29.6    30.0
 1972    29.4    29.6    30.0    29.8    29.6    29.8    30.5    31.1    32.1    32.7    31.4    30.6    29.8    30.5    32.1    30.7    30.6
 1973    30.5    30.9    30.5    30.8    30.6    29.9    30.5    30.6    30.9    31.8    31.3    29.5    30.6    30.3    31.3    29.6    30.7
 1974    29.4    30.0    29.3    29.9    30.8    29.5    29.6    30.6    31.2    31.9    31.3    29.9    30.0    29.9    31.5    29.6    30.3
 1975    29.4    29.5    30.0    30.0    30.3    29.9    29.4    30.7    31.4    32.0    31.2    29.7    30.1    30.0    31.5    29.2    30.3
 1976    28.8    29.1    28.8    29.4    29.7    29.1    30.0    31.3    32.6    33.0    31.8    30.2    29.3    30.1    32.4    30.3    30.3
 1977    30.2    30.4    30.4    30.4    30.2    30.0    30.5    31.5    32.0    32.1    32.0    30.1    30.3    30.7    32.1    30.2    30.8
 1978    29.8    30.8    30.7    31.0    30.3    29.5    30.3    30.4    32.0    32.3    31.9    30.3    30.7    30.1    32.1    30.3    30.8
 1979    30.0    30.5    30.4    30.4    30.5    30.3    30.7    31.5    32.3    32.5    32.1    30.4    30.4    30.8    32.3    30.3    31.0
 1980    29.8    30.8    30.7    30.8    30.8    30.4    30.6    31.4    32.3    32.1    31.3    30.6    30.8    30.8    31.9    30.1    31.0
 1981    29.6    30.0    30.7    30.1    29.6    29.6    29.0    30.2    31.0    31.7    31.9    30.7    30.1    29.6    31.5    30.0    30.4
 1982    29.6    29.6    30.0    30.1    29.9    29.6    29.5    30.5    31.6    31.5    31.5    30.1    30.0    29.9    31.5    29.8    30.3
 1983    29.6    29.7    30.9    30.0    30.0    29.7    29.9    30.2    31.4    31.6    31.8    29.9    30.3    30.0    31.6    29.4    30.4
 1984    29.0    29.5    30.2    30.5    29.1    29.4    29.0    30.1    30.3    30.4    30.8    29.1    29.9    29.5    30.5    28.9    29.8
 1985    29.1    28.6    29.5    30.6    29.8    29.3    29.4    30.2    31.2    31.6    30.9    30.0    30.0    29.6    31.3    29.8    30.0
 1986    29.5    30.1    30.6    30.9    30.1    29.1    29.5    31.0    31.5    31.4    30.7    30.1    30.6    29.8    31.2    30.0    30.4
 1987    29.6    30.3    31.3    31.3    30.2    30.3    30.1    31.1    31.7    32.4    32.2    31.2    30.9    30.5    32.1    30.4    31.0
 1988    29.9    30.1    30.6    31.2    30.5    29.6    29.3    30.2    31.3    32.0    31.0    30.0    30.8    29.7    31.4    29.5    30.5
 1989    29.3    29.4    29.5    29.9    29.3    29.5    29.5    30.8    31.6    31.5    31.3    30.6    29.6    29.9    31.5    29.9    30.2
 1990    29.4    29.8    30.2    30.2    30.1    29.9    29.8    31.0    32.1    32.4    32.1    30.8    30.2    30.2    32.2    30.2    30.6
 1991    29.7    30.2    30.2    30.2    30.2    29.9    29.6    30.0    30.6    31.2    31.2    29.9    30.2    29.9    31.0    29.5    30.3
 1992    29.0    29.5    29.9    30.3    29.9    29.8    29.3    29.8    30.6    31.2    31.2    29.2    30.0    29.6    31.0    29.1    30.0
 1993    28.7    29.5    29.3    29.9    29.9    29.6    29.5    30.4    30.8    31.2    30.6    30.6    29.7    29.8    30.9    29.9    30.0
 1994    29.7    29.4    30.2    30.4    29.7    29.5    28.9    30.3    31.3    31.6    31.0    29.7    30.1    29.6    31.3    29.9    30.1
 1995    29.9    30.3    30.9    31.1    30.6    30.0    30.1    31.3    32.2    32.4    31.3    30.3    30.9    30.5    32.0    30.2    30.9
 1996    29.9    30.3    30.4    30.8    29.7    29.6    29.7    30.5    31.4    31.8    31.2    30.4    30.3    29.9    31.4    29.6    30.5
 1997    29.4    29.2    29.8    30.4    29.7    30.0    29.9    31.2    32.5    33.1    32.5    30.8    30.0    30.4    32.7    30.9    30.7
 1998    30.4    31.6    32.0    31.7    30.8    30.4    30.6    31.7    32.1    32.4    31.6    30.6    31.5    30.9    32.0    30.0    31.3
 1999    29.3    30.0    30.4    30.3    30.2    29.9    30.1    30.5    31.9    31.4    32.3    31.3    30.3    30.1    31.9    30.2    30.6
 2000    29.6    29.7    30.2    30.3    30.3    29.7    30.2    31.2    31.6    32.2    31.6    30.4    30.3    30.4    31.8    29.9    30.6
 2001    29.5    29.9    30.6    30.6    30.5    29.9    30.2    31.5    31.7    32.6    32.3    31.3    30.5    30.5    32.2    30.5    30.9
 2002    30.2    30.1    30.6    29.9    29.6    29.2    30.0    30.9    31.7    32.4    31.3    30.2    30.0    30.0    31.8    30.4    30.5
 2003    30.6    30.4    31.1    31.3    30.0    30.3    30.3    31.0    32.0    32.5    32.0    31.0    30.8    30.5    32.2    30.5    31.0
 2004    30.4    30.2    30.5    30.8    30.0    29.6    29.8    30.7    31.8    32.4    32.5    31.2    30.4    30.1    32.2    30.9    30.8
 2005    30.5    30.9    31.1    30.6    30.2    30.7    30.2    31.0    32.3    32.7    31.9    30.4    30.6    30.6    32.3    30.1    31.0
 2006    29.7    30.3    30.8    30.9    30.1    30.0    30.6    31.4    32.2    32.5    31.5    30.9    30.6    30.7    32.1    30.7    30.9
 2007    30.5    30.8    30.8    30.5    30.6    29.8    30.0    30.7    31.4    31.8    31.8    30.1    30.6    30.2    31.7    29.8    30.7
 2008    29.5    29.7    29.9    30.3    30.0    30.3    30.1    31.3    31.9    32.0    32.0    30.3    30.1    30.6    32.0    30.1    30.6
 2009    29.9    30.2    30.4    30.6    30.8    29.9    30.3    31.4    32.4    31.7    32.2    30.7    30.6    30.5    32.1    30.9    30.9
 2010    30.7    31.3    32.0    31.0    30.5    30.7    30.2    30.9    31.9    32.7    32.0    30.6    31.1    30.6    32.2    30.2    31.2
 2011    30.0    30.0    29.7    30.4    30.3    30.3    30.3    31.4    32.0    31.7    31.0    30.6    30.1    30.7    31.6    30.0    30.6
 2012    29.8    29.6    30.1    30.1    29.8    29.6    29.8    30.8    31.8    32.2    31.9    30.7    30.0    30.1    32.0    30.2    30.5
 2013    30.3    29.7    30.6    30.3    29.9    29.8    29.8    30.4    31.9    31.7    31.4    30.6    30.3    30.0    31.6    30.2    30.5
 2014    29.8    30.4    30.8    30.4    30.9    30.0    30.3    30.7    32.1    31.9    31.5    30.4    30.7    30.3    31.9    30.3    30.8
 2015    30.3    30.2    30.5    30.6    30.1    30.7    30.3    31.5    32.8    33.5    32.3    31.4    30.4    30.8    32.9    30.6    31.2
 2016    30.2    30.1    30.9    30.8    30.7    30.0    30.7    31.3    31.8    32.6    32.2    30.6    30.8    30.6    32.2  -999.0    31.0
