Climatic Research Unit Country File created on Tue 19 Sep 2017 17:57:34 BST, from CRU TS run #1709081022
Country = Gabon                : parameter = Maximum Temperature            : Units = degrees Celsius     
Period = 1901.2016 : missing value = -999.0 : format = (i5,17f8.1)
 YEAR     JAN     FEB     MAR     APR     MAY     JUN     JUL     AUG     SEP     OCT     NOV     DEC     MAM     JJA     SON     DJF     ANN
 1901    29.5    30.4    30.1    30.5    29.1    27.5    26.7    26.6    28.1    29.3    29.2    29.1    29.9    26.9    28.9    29.6    28.8
 1902    29.8    29.8    30.5    30.3    29.4    28.0    26.6    27.5    28.8    29.3    29.2    29.1    30.0    27.4    29.1    30.0    29.0
 1903    30.2    30.7    31.0    30.7    29.7    27.4    26.8    27.4    29.1    29.3    29.2    29.1    30.5    27.2    29.2    29.6    29.2
 1904    29.8    30.0    30.1    30.2    29.5    27.8    26.1    26.6    29.1    29.3    29.2    29.1    29.9    26.8    29.2    30.1    28.9
 1905    30.2    30.9    31.4    31.3    30.1    27.7    26.5    27.6    28.5    29.3    29.2    29.1    30.9    27.3    29.0    29.7    29.3
 1906    29.6    30.4    31.2    31.4    29.6    27.9    26.9    27.2    29.1    29.3    29.2    29.1    30.7    27.3    29.2    29.7    29.2
 1907    29.4    30.6    30.9    30.7    29.9    27.9    27.8    27.9    29.0    29.3    29.2    29.1    30.5    27.9    29.2    29.5    29.3
 1908    29.4    30.0    30.7    30.7    29.1    26.9    26.8    26.1    28.4    29.3    29.2    29.1    30.2    26.6    29.0    29.8    28.8
 1909    29.8    30.6    30.9    31.2    29.7    29.0    27.9    28.5    29.5    29.3    29.2    29.1    30.6    28.5    29.4    29.3    29.6
 1910    29.1    29.7    30.0    29.8    29.5    28.7    27.4    27.1    28.3    29.3    28.4    28.6    29.8    27.7    28.7    29.3    28.8
 1911    29.3    30.1    31.2    31.0    30.3    28.4    27.4    27.4    28.8    29.3    29.2    29.1    30.8    27.7    29.1    30.1    29.3
 1912    29.9    31.3    31.7    31.6    30.4    28.8    26.7    27.6    28.7    28.8    28.3    29.0    31.2    27.7    28.6    29.4    29.4
 1913    29.5    29.8    30.3    30.4    29.7    27.3    26.6    27.3    28.4    29.3    29.2    29.1    30.1    27.1    29.0    30.1    28.9
 1914    30.4    30.7    31.5    31.1    29.9    27.7    26.6    27.3    29.2    29.3    29.2    29.1    30.8    27.2    29.3    29.8    29.3
 1915    29.8    30.6    30.4    30.5    28.3    28.0    26.8    27.2    28.6    29.3    29.2    29.1    29.7    27.3    29.1    29.8    29.0
 1916    29.8    30.6    30.2    29.4    28.8    28.0    26.8    27.2    28.6    29.3    29.2    29.1    29.5    27.3    29.1    29.8    28.9
 1917    29.8    30.6    30.0    30.1    29.5    28.0    26.8    27.2    28.6    29.3    29.2    29.1    29.8    27.3    29.1    29.8    29.0
 1918    29.8    30.6    30.9    29.8    28.4    28.0    26.8    27.2    28.6    29.3    29.2    29.1    29.7    27.3    29.1    29.8    29.0
 1919    29.8    30.6    30.9    30.9    27.2    28.0    26.8    27.2    28.6    29.3    29.2    29.1    29.7    27.3    29.1    29.8    29.0
 1920    29.8    30.6    30.9    29.7    28.6    28.0    26.8    27.2    28.6    29.3    29.2    29.1    29.8    27.3    29.1    29.8    29.0
 1921    29.8    30.6    30.2    30.1    29.0    28.0    26.8    27.2    28.6    29.3    29.2    29.1    29.8    27.3    29.1    29.8    29.0
 1922    29.8    30.6    30.1    30.2    28.7    28.0    26.8    27.2    28.6    29.3    29.2    29.1    29.7    27.3    29.1    29.8    29.0
 1923    29.8    30.6    29.9    30.1    28.5    28.0    26.8    27.2    28.6    29.3    29.2    29.1    29.5    27.3    29.1    29.8    28.9
 1924    29.8    30.6    30.9    30.2    29.8    28.0    26.8    27.2    28.6    29.3    29.2    29.1    30.3    27.3    29.1    29.8    29.1
 1925    29.8    30.6    30.9    29.8    28.5    28.0    26.8    27.2    28.6    29.3    29.2    29.1    29.8    27.3    29.1    29.8    29.0
 1926    29.8    30.6    30.3    30.5    28.7    28.0    26.8    27.2    28.6    29.3    29.2    29.1    29.8    27.3    29.1    29.8    29.0
 1927    29.8    30.6    29.9    30.3    29.7    28.0    26.8    27.2    28.6    29.3    29.2    29.1    29.9    27.3    29.1    29.8    29.0
 1928    29.8    30.6    30.9    30.1    29.8    28.0    26.8    27.2    28.6    29.3    29.2    29.1    30.3    27.3    29.1    29.8    29.1
 1929    29.8    30.6    30.9    29.8    27.3    28.0    26.8    27.2    28.6    29.3    29.2    29.1    29.3    27.3    29.1    29.8    28.9
 1930    29.8    30.6    30.9    29.5    29.3    28.0    26.8    27.2    28.6    29.3    29.2    29.1    29.9    27.3    29.1    29.8    29.0
 1931    29.8    30.6    30.6    30.2    29.7    28.0    26.8    27.2    28.6    29.3    29.2    29.1    30.2    27.3    29.1    29.8    29.1
 1932    29.8    30.6    30.9    29.3    27.5    28.0    26.8    27.2    28.6    29.3    29.2    29.1    29.3    27.3    29.1    29.8    28.9
 1933    29.8    30.6    31.3    30.6    29.8    28.0    26.8    27.2    28.6    29.3    29.2    29.1    30.6    27.3    29.1    29.8    29.2
 1934    29.8    30.6    30.6    30.7    31.0    28.0    26.8    27.2    28.6    29.3    29.2    29.1    30.7    27.3    29.1    29.8    29.2
 1935    29.8    30.6    30.4    30.3    29.8    28.0    26.8    27.2    28.6    29.3    29.2    29.1    30.1    27.3    29.1    29.8    29.1
 1936    29.8    30.6    30.0    29.8    28.9    28.0    26.8    27.2    28.6    29.3    29.2    29.1    29.6    27.3    29.1    29.8    28.9
 1937    29.8    30.6    30.9    31.1    30.6    28.0    26.8    27.2    28.6    29.3    29.2    29.1    30.9    27.3    29.1    29.8    29.3
 1938    29.8    30.6    30.5    30.5    29.2    28.0    26.8    27.2    28.6    29.3    29.2    29.1    30.0    27.3    29.1    29.8    29.1
 1939    29.8    30.6    30.1    30.6    30.3    28.0    26.8    27.2    28.6    29.3    29.2    29.1    30.3    27.3    29.1    29.8    29.1
 1940    29.8    30.6    30.8    30.3    28.6    28.0    26.8    27.2    28.6    29.3    29.2    29.1    29.9    27.3    29.1    30.3    29.0
 1941    30.6    31.3    31.8    31.8    30.7    28.7    26.6    27.5    28.9    30.3    29.4    29.6    31.5    27.6    29.6    30.5    29.8
 1942    30.5    31.4    31.6    31.7    30.1    28.3    27.1    27.2    28.6    29.6    29.7    29.3    31.2    27.5    29.3    30.0    29.6
 1943    30.0    30.6    30.9    30.8    29.4    26.4    25.8    27.2    28.6    29.8    29.1    29.5    30.4    26.4    29.2    30.1    29.0
 1944    30.0    30.7    30.7    31.2    30.8    28.8    27.6    27.8    29.4    29.8    29.8    29.9    30.9    28.1    29.6    30.5    29.7
 1945    30.6    31.1    31.3    31.3    30.3    28.4    27.8    27.6    29.1    29.6    29.4    29.8    31.0    27.9    29.4    30.5    29.7
 1946    30.7    31.1    31.1    31.4    29.5    28.0    27.3    27.2    28.3    29.1    29.4    29.5    30.7    27.5    28.9    30.1    29.4
 1947    30.1    30.8    31.2    31.0    30.9    29.4    27.3    28.2    29.1    30.1    29.8    29.0    31.1    28.3    29.6    29.8    29.7
 1948    30.0    30.4    30.9    30.7    29.8    28.0    26.6    27.2    28.9    29.7    29.6    29.7    30.5    27.3    29.4    30.4    29.3
 1949    30.6    30.9    31.3    31.5    30.8    28.8    27.3    27.4    29.2    29.8    29.7    29.3    31.2    27.8    29.6    30.0    29.7
 1950    30.2    30.6    31.4    31.3    30.5    29.4    27.2    27.3    28.3    29.5    29.5    29.5    31.1    27.9    29.1    30.0    29.5
 1951    30.0    30.7    31.2    31.6    30.6    28.3    27.3    27.6    29.0    29.8    29.6    29.6    31.1    27.8    29.5    30.4    29.6
 1952    30.5    31.1    31.4    31.4    30.3    28.3    26.6    27.1    28.8    29.8    29.6    29.2    31.1    27.3    29.4    30.0    29.5
 1953    30.0    30.6    31.1    31.4    30.4    28.4    27.2    27.1    28.8    29.6    29.7    29.6    31.0    27.6    29.4    30.0    29.5
 1954    30.3    30.1    31.2    31.2    29.9    27.7    26.0    26.7    28.7    29.4    29.2    29.3    30.8    26.8    29.1    29.9    29.1
 1955    29.8    30.8    31.0    30.9    30.4    28.2    26.7    27.0    28.6    29.6    29.6    28.9    30.8    27.3    29.3    29.8    29.3
 1956    29.8    30.8    30.9    31.0    30.1    28.1    26.4    26.6    28.7    29.4    29.6    29.1    30.7    27.0    29.2    29.8    29.2
 1957    29.6    30.9    30.9    31.3    30.9    28.3    26.8    27.4    28.7    29.6    30.0    29.7    31.0    27.5    29.4    30.6    29.5
 1958    30.7    31.2    31.6    31.4    29.5    27.1    26.3    26.8    28.7    29.9    29.7    29.7    30.8    26.7    29.4    30.3    29.4
 1959    30.3    31.0    31.5    31.0    30.2    27.7    26.9    27.5    28.8    29.7    29.6    29.6    30.9    27.4    29.4    30.1    29.5
 1960    30.3    30.6    31.4    31.1    30.3    28.1    27.2    27.8    28.9    29.9    29.7    29.7    30.9    27.7    29.5    30.0    29.6
 1961    29.8    30.5    31.4    31.2    30.3    27.2    26.6    27.2    28.8    29.5    29.2    29.5    31.0    27.0    29.2    30.2    29.3
 1962    30.1    30.9    30.7    31.1    30.3    27.8    26.6    27.2    28.8    29.8    29.6    29.2    30.7    27.2    29.4    29.7    29.3
 1963    29.7    30.3    31.1    31.1    30.6    29.4    27.7    27.6    29.5    29.9    29.8    29.2    30.9    28.2    29.7    30.3    29.7
 1964    30.5    31.3    31.6    31.0    30.4    28.0    26.8    27.0    28.5    29.6    29.5    28.8    31.0    27.2    29.2    29.7    29.4
 1965    29.8    30.5    30.9    30.8    30.5    28.1    26.8    27.5    28.7    30.0    29.6    29.1    30.7    27.5    29.4    30.0    29.3
 1966    30.1    30.9    31.6    31.0    30.6    29.0    27.6    27.6    28.6    29.8    29.6    29.4    31.1    28.1    29.4    30.0    29.7
 1967    30.0    30.8    31.1    31.3    30.1    28.1    26.4    27.2    28.5    29.4    29.6    29.5    30.8    27.2    29.2    30.0    29.3
 1968    29.7    30.8    30.9    31.1    29.9    27.9    26.8    27.5    28.5    29.7    29.6    29.2    30.6    27.4    29.3    30.1    29.3
 1969    29.8    31.2    31.7    31.6    30.4    28.3    27.0    27.4    28.8    29.6    29.6    29.6    31.2    27.6    29.3    30.1    29.6
 1970    29.9    30.8    31.4    31.5    30.3    28.2    26.6    27.5    28.7    29.3    29.4    29.4    31.1    27.4    29.1    29.8    29.4
 1971    29.6    30.5    30.8    30.5    30.2    28.5    26.9    27.0    28.8    29.2    28.7    28.4    30.5    27.5    28.9    29.6    29.1
 1972    29.9    30.4    30.6    30.5    29.9    27.5    26.8    26.7    28.5    29.3    29.2    29.3    30.3    27.0    29.0    30.0    29.0
 1973    29.7    31.0    31.0    31.0    30.0    28.1    27.4    27.2    28.6    29.1    29.3    28.3    30.6    27.6    29.0    29.0    29.2
 1974    29.1    29.8    30.3    30.5    29.6    28.0    26.8    26.9    28.1    29.0    28.7    28.4    30.1    27.3    28.6    29.5    28.8
 1975    29.9    30.2    30.3    30.5    29.8    28.0    26.7    26.6    28.3    28.7    28.5    28.5    30.2    27.1    28.5    29.1    28.8
 1976    29.2    29.5    30.3    29.9    29.4    27.1    25.9    26.3    28.4    28.6    28.4    28.3    29.8    26.4    28.5    29.2    28.4
 1977    29.1    30.2    30.6    30.8    30.0    27.2    26.1    27.1    28.4    29.1    29.1    28.8    30.5    26.8    28.9    29.7    28.9
 1978    30.1    30.4    30.8    30.0    29.3    27.5    26.6    27.0    28.2    28.9    28.8    29.2    30.1    27.0    28.6    30.0    28.9
 1979    30.1    30.6    30.9    30.6    30.0    27.9    27.3    26.6    28.5    29.5    29.5    29.4    30.5    27.3    29.2    29.9    29.2
 1980    29.8    30.4    31.0    31.1    30.3    27.7    26.6    26.9    28.8    29.3    29.6    29.1    30.8    27.0    29.2    30.0    29.2
 1981    29.7    31.1    30.7    31.1    29.7    28.2    26.7    27.2    28.7    29.3    29.3    28.9    30.5    27.4    29.1    29.8    29.2
 1982    29.8    30.7    30.8    30.7    29.4    27.2    26.3    26.6    28.1    29.1    29.2    29.5    30.3    26.7    28.8    30.7    29.0
 1983    31.0    31.6    32.1    31.3    30.5    27.4    26.7    26.5    28.9    28.8    29.1    28.8    31.3    26.9    29.0    29.7    29.4
 1984    29.8    30.7    30.8    31.0    30.0    28.9    27.7    28.2    29.2    30.0    29.2    29.4    30.6    28.3    29.4    29.8    29.6
 1985    29.5    30.7    30.9    30.4    29.6    27.8    27.1    27.7    28.6    29.2    29.0    29.0    30.3    27.5    28.9    29.6    29.1
 1986    29.8    30.0    30.2    30.7    30.3    28.0    26.7    27.2    28.7    28.9    28.8    28.9    30.4    27.3    28.8    30.0    29.0
 1987    30.4    30.6    31.1    31.3    30.6    28.9    27.8    27.8    28.7    29.4    29.7    29.6    31.0    28.2    29.2    30.2    29.7
 1988    30.1    31.0    31.3    31.0    30.8    28.5    27.3    27.7    28.5    29.2    29.3    28.6    31.0    27.8    29.0    30.0    29.4
 1989    30.2    31.1    30.7    30.6    29.9    28.4    27.1    28.0    29.1    29.7    29.7    29.6    30.4    27.8    29.5    30.1    29.5
 1990    30.0    30.8    31.9    30.9    30.1    28.6    26.7    27.1    28.6    29.8    29.4    29.0    31.0    27.5    29.3    29.8    29.4
 1991    29.7    30.7    31.2    30.7    30.4    28.6    27.2    27.2    28.8    29.0    29.1    29.1    30.8    27.6    29.0    29.9    29.3
 1992    29.6    30.9    31.2    31.0    30.0    27.5    26.3    26.5    28.4    29.2    29.1    28.9    30.7    26.8    28.9    29.6    29.1
 1993    29.6    30.4    30.8    30.8    30.1    28.1    27.6    27.3    28.5    29.6    29.3    29.2    30.6    27.6    29.1    29.9    29.3
 1994    29.7    30.7    30.9    30.8    29.9    27.9    26.8    27.3    28.8    29.2    29.4    29.2    30.5    27.3    29.1    29.9    29.2
 1995    30.1    30.5    31.0    31.1    30.3    28.1    27.5    27.7    29.0    29.7    29.6    29.1    30.8    27.8    29.4    29.8    29.5
 1996    29.8    30.6    30.7    30.8    29.9    28.0    27.1    27.1    28.8    29.3    29.1    28.7    30.5    27.4    29.0    29.6    29.2
 1997    29.6    30.4    30.8    30.6    29.4    27.5    27.3    27.2    29.1    29.8    29.7    29.5    30.3    27.3    29.5    30.7    29.2
 1998    30.5    32.0    31.9    31.8    30.6    28.7    27.8    27.8    29.4    30.0    30.1    29.2    31.5    28.1    29.8    29.9    30.0
 1999    29.9    30.6    31.4    31.0    30.1    28.6    27.8    27.3    28.6    29.5    29.4    29.2    30.8    27.9    29.2    30.0    29.4
 2000    30.2    30.5    31.3    31.2    30.4    28.3    27.2    27.5    28.7    29.4    29.6    29.0    31.0    27.7    29.3    30.0    29.4
 2001    29.9    30.9    31.3    31.4    30.7    28.7    27.4    27.2    28.3    29.7    29.6    29.7    31.1    27.8    29.2    30.3    29.6
 2002    30.2    30.9    31.4    31.5    31.0    28.8    27.9    27.9    29.0    29.5    29.3    29.3    31.3    28.2    29.3    30.2    29.7
 2003    30.2    31.1    31.0    31.2    30.6    28.2    27.7    28.0    29.2    29.9    29.6    29.5    30.9    28.0    29.6    30.3    29.7
 2004    30.4    31.0    31.8    31.1    30.2    28.0    27.7    28.1    29.2    29.8    29.9    29.7    31.0    27.9    29.6    30.5    29.7
 2005    30.4    31.5    31.3    31.4    30.2    27.9    27.2    27.8    29.4    29.8    29.6    29.4    31.0    27.7    29.6    30.3    29.7
 2006    30.6    30.8    31.1    31.2    30.1    29.4    27.8    27.9    28.8    30.0    29.2    29.5    30.8    28.4    29.3    30.4    29.7
 2007    30.5    31.0    31.5    31.3    30.6    28.4    27.9    28.0    29.0    29.5    29.4    29.2    31.1    28.1    29.3    29.9    29.7
 2008    29.8    30.6    30.9    30.8    30.3    28.1    27.5    27.9    29.2    29.8    29.8    29.6    30.7    27.8    29.6    30.1    29.5
 2009    30.0    30.8    31.3    31.2    30.6    28.6    27.5    27.6    29.2    29.9    29.5    29.5    31.1    27.9    29.5    30.5    29.6
 2010    30.5    31.5    31.7    31.5    30.6    28.5    27.8    27.9    29.2    30.2    29.6    29.4    31.3    28.1    29.7    30.0    29.9
 2011    29.9    30.7    31.4    31.2    30.5    28.5    27.5    27.7    29.0    29.6    29.3    29.1    31.0    27.9    29.3    29.9    29.5
 2012    30.1    30.4    31.2    31.3    30.3    28.5    27.4    27.9    29.0    29.7    29.7    29.6    30.9    27.9    29.5    30.4    29.6
 2013    30.3    31.2    31.4    31.3    30.5    28.6    27.3    27.3    29.0    29.7    29.4    29.4    31.1    27.7    29.4    30.4    29.6
 2014    30.7    31.1    31.3    31.3    30.5    28.6    27.0    27.6    28.7    29.7    29.6    29.4    31.0    27.7    29.3    30.2    29.6
 2015    30.4    30.9    31.6    31.3    30.6    27.9    27.9    27.6    28.8    30.1    29.9    29.8    31.2    27.8    29.6    30.8    29.7
 2016    30.9    31.8    31.8    31.5    30.7    28.7    27.8    27.9    29.5    30.1    29.9    30.0    31.3    28.1    29.8  -999.0    30.1
