Climatic Research Unit Country File created on Tue 19 Sep 2017 17:57:34 BST, from CRU TS run #1709081022
Country = Vietnam              : parameter = Maximum Temperature            : Units = degrees Celsius     
Period = 1901.2016 : missing value = -999.0 : format = (i5,17f8.1)
 YEAR     JAN     FEB     MAR     APR     MAY     JUN     JUL     AUG     SEP     OCT     NOV     DEC     MAM     JJA     SON     DJF     ANN
 1901    25.6    23.2    27.7    30.1    31.0    31.3    30.7    30.3    29.9    29.1    26.7    24.4    29.6    30.8    28.6    23.7    28.3
 1902    23.8    23.0    28.6    30.0    31.6    31.7    31.1    31.0    29.9    28.9    27.0    26.1    30.0    31.3    28.6    24.8    28.6
 1903    24.0    24.2    28.9    30.7    31.4    30.8    30.8    30.4    29.3    28.4    25.3    22.4    30.3    30.7    27.7    22.8    28.1
 1904    22.0    24.0    27.4    29.0    30.8    31.0    30.8    30.9    30.3    29.1    25.9    23.6    29.1    30.9    28.4    24.7    27.9
 1905    25.3    25.0    27.3    29.9    31.3    31.2    31.2    31.3    30.3    29.1    27.0    27.6    29.5    31.2    28.8    26.3    28.9
 1906    25.2    26.1    27.9    30.7    32.1    31.9    31.5    31.5    30.7    28.6    25.7    25.2    30.2    31.6    28.4    24.7    28.9
 1907    24.0    24.8    27.2    29.3    30.6    30.8    31.0    30.7    30.2    29.2    27.1    23.3    29.0    30.8    28.8    23.9    28.2
 1908    24.1    24.4    27.2    29.4    30.8    31.0    30.9    30.8    30.2    28.9    25.7    24.8    29.1    30.9    28.3    24.6    28.2
 1909    24.0    25.1    27.8    29.7    30.5    31.3    30.8    31.1    30.5    29.3    26.1    24.2    29.3    31.1    28.7    24.3    28.4
 1910    24.6    24.1    27.0    29.3    31.3    31.2    31.0    31.0    29.5    28.5    26.4    23.2    29.2    31.1    28.1    23.7    28.1
 1911    23.2    24.5    27.9    29.7    30.9    31.5    31.0    31.2    30.5    28.7    27.6    26.0    29.5    31.3    29.0    24.9    28.6
 1912    23.7    25.1    28.7    29.8    32.3    31.7    30.8    30.5    29.7    28.6    25.7    24.4    30.3    31.0    28.0    24.3    28.4
 1913    23.4    25.3    27.3    30.1    30.3    30.9    30.5    30.5    29.9    28.7    26.1    24.2    29.2    30.6    28.3    24.6    28.1
 1914    23.9    25.7    28.4    30.2    32.0    31.1    30.8    30.6    30.0    28.6    26.5    25.5    30.2    30.8    28.4    25.2    28.6
 1915    23.9    26.1    28.1    30.4    30.6    31.3    30.8    31.2    30.0    29.2    26.1    23.7    29.7    31.1    28.4    23.8    28.4
 1916    23.1    24.6    27.5    29.9    31.4    30.7    31.0    30.8    29.9    28.2    25.6    24.1    29.6    30.8    27.9    23.9    28.1
 1917    22.9    24.6    26.6    29.5    30.9    30.6    30.6    30.3    30.0    28.4    26.1    23.6    29.0    30.5    28.2    23.4    27.8
 1918    22.6    23.9    27.3    29.0    30.2    30.6    31.2    30.2    30.3    29.0    27.0    26.1    28.8    30.7    28.8    25.2    28.1
 1919    24.6    24.8    29.1    30.3    31.4    31.2    30.7    31.1    29.8    28.3    26.2    24.8    30.2    31.0    28.1    24.0    28.5
 1920    23.1    24.2    27.5    29.4    31.2    31.2    31.0    30.8    30.2    28.3    27.3    25.1    29.4    31.0    28.6    24.4    28.3
 1921    23.6    24.6    27.8    30.3    30.7    31.3    30.5    31.0    29.5    28.4    26.0    25.3    29.6    30.9    28.0    25.1    28.2
 1922    24.2    25.9    27.2    29.8    32.1    30.9    30.9    30.8    29.7    28.6    25.8    24.7    29.7    30.9    28.1    24.7    28.4
 1923    24.9    24.5    28.9    29.7    30.3    30.7    30.6    30.3    29.9    28.6    27.3    25.2    29.6    30.5    28.6    25.0    28.4
 1924    24.7    24.9    27.6    29.3    31.4    31.0    30.4    30.8    30.1    28.1    27.2    25.4    29.5    30.7    28.5    23.7    28.4
 1925    22.7    23.1    27.8    27.4    30.9    31.3    31.3    31.2    30.2    28.1    27.7    25.1    28.7    31.3    28.6    24.8    28.1
 1926    24.6    24.6    27.6    29.9    31.6    30.9    31.1    30.3    30.8    27.8    27.0    24.9    29.7    30.8    28.5    24.6    28.4
 1927    24.5    24.4    27.2    28.6    30.5    31.3    31.3    31.5    29.6    28.2    27.2    26.3    28.8    31.4    28.3    25.4    28.4
 1928    25.7    24.2    28.5    29.8    30.8    30.7    31.3    30.9    30.3    27.5    26.1    26.1    29.7    31.0    28.0    25.3    28.5
 1929    25.0    24.8    27.4    28.7    31.5    31.7    31.0    30.8    29.9    29.0    25.9    26.4    29.2    31.2    28.3    24.8    28.5
 1930    22.4    25.6    26.6    30.8    31.0    31.9    30.8    30.9    29.9    28.6    27.2    25.5    29.5    31.2    28.5    25.6    28.4
 1931    25.3    25.9    28.8    31.6    32.1    31.9    31.4    30.9    29.7    27.6    26.7    25.2    30.8    31.4    28.0    24.4    28.9
 1932    24.2    23.8    27.4    30.0    32.6    31.4    30.7    31.2    29.4    27.9    27.3    24.3    30.0    31.1    28.2    24.0    28.3
 1933    22.0    25.7    28.1    30.7    31.6    31.9    31.2    31.4    30.4    28.6    25.9    26.0    30.1    31.5    28.3    24.5    28.6
 1934    22.5    24.8    27.7    28.9    32.0    31.4    30.7    30.8    30.5    27.6    26.3    25.2    29.5    31.0    28.1    25.3    28.2
 1935    24.7    26.0    29.1    30.3    31.5    31.7    30.9    31.4    29.7    29.7    27.6    24.5    30.3    31.3    29.0    24.1    28.9
 1936    22.6    25.3    25.8    30.5    31.4    31.5    31.1    30.9    30.2    28.0    27.5    26.1    29.2    31.2    28.6    25.5    28.4
 1937    24.7    25.8    29.1    30.4    30.7    31.0    30.4    30.5    29.9    29.2    26.8    26.0    30.1    30.6    28.6    25.2    28.7
 1938    24.5    25.2    27.4    29.7    30.3    30.7    30.1    30.8    29.9    28.6    25.9    25.4    29.2    30.5    28.1    25.2    28.2
 1939    24.4    25.7    28.2    28.8    31.0    30.9    30.7    30.8    29.9    29.3    27.1    22.8    29.3    30.8    28.8    24.2    28.3
 1940    24.1    25.6    27.9    30.4    31.6    31.7    31.4    30.8    30.8    30.2    27.7    26.7    30.0    31.3    29.6    26.9    29.1
 1941    27.4    26.6    29.2    30.7    32.0    31.6    31.7    31.0    30.6    29.0    27.0    26.1    30.6    31.4    28.9    25.5    29.4
 1942    24.5    25.8    29.4    30.1    31.3    31.4    31.0    30.6    30.7    28.9    27.3    24.9    30.3    31.0    29.0    24.5    28.8
 1943    23.4    25.1    28.6    29.2    31.7    31.5    31.3    31.0    30.6    28.9    26.5    25.0    29.8    31.2    28.7    25.0    28.6
 1944    24.8    25.2    28.2    30.1    31.2    31.2    31.4    30.9    30.7    28.4    27.3    22.8    29.8    31.1    28.8    23.5    28.5
 1945    24.4    23.3    27.7    29.9    30.9    31.8    31.6    31.1    30.8    27.9    28.5    25.8    29.5    31.5    29.1    25.7    28.6
 1946    24.8    26.3    28.9    30.2    30.7    31.6    31.3    31.0    30.5    28.9    27.5    25.7    29.9    31.3    29.0    25.8    29.0
 1947    26.5    25.3    27.7    28.7    31.8    31.2    30.5    30.9    30.1    28.3    26.9    24.9    29.4    30.9    28.4    25.2    28.6
 1948    24.5    26.1    28.5    29.5    30.9    31.2    30.6    31.0    30.4    28.9    25.7    26.3    29.6    31.0    28.4    25.4    28.6
 1949    23.8    26.1    28.9    29.3    31.6    31.8    31.3    31.1    30.5    28.9    26.5    25.7    29.9    31.4    28.6    25.4    28.8
 1950    25.6    25.0    28.9    29.7    31.4    30.8    31.0    30.9    29.9    28.4    26.7    23.7    30.0    30.9    28.3    24.1    28.5
 1951    23.2    25.5    27.0    29.6    31.1    30.5    30.9    30.9    30.2    28.7    26.5    25.1    29.2    30.7    28.5    25.3    28.3
 1952    24.6    26.1    28.3    30.4    32.1    31.5    31.1    30.4    29.9    28.4    27.6    23.9    30.2    31.0    28.7    24.4    28.7
 1953    24.4    25.0    28.3    28.8    31.0    31.2    31.5    31.6    29.6    29.9    26.9    24.8    29.4    31.4    28.8    25.5    28.6
 1954    25.5    26.2    26.8    30.4    31.1    31.1    31.6    30.7    29.6    28.4    27.4    23.5    29.4    31.1    28.5    24.2    28.5
 1955    22.5    26.5    28.7    29.4    31.6    30.7    30.9    30.6    30.7    28.7    25.2    25.4    29.9    30.7    28.2    24.6    28.4
 1956    23.0    25.5    28.4    29.8    30.1    31.0    30.9    30.3    30.1    28.9    25.6    24.1    29.4    30.7    28.2    24.1    28.1
 1957    24.9    23.4    27.0    29.8    32.1    30.7    30.9    31.2    30.0    28.1    27.7    26.3    29.7    30.9    28.6    24.9    28.5
 1958    24.3    24.0    29.5    31.5    32.8    31.3    30.8    30.7    29.8    28.1    26.5    25.8    31.3    31.0    28.1    25.0    28.8
 1959    23.6    25.7    27.1    30.4    31.1    32.0    30.7    30.7    29.6    29.0    27.5    25.8    29.5    31.1    28.7    25.4    28.6
 1960    24.8    25.7    29.4    29.9    31.4    31.7    30.6    30.9    30.0    28.1    26.8    24.1    30.2    31.0    28.3    24.1    28.6
 1961    23.8    24.4    28.0    30.1    31.0    31.4    31.2    30.8    29.8    28.8    27.2    25.5    29.7    31.1    28.6    24.3    28.5
 1962    22.1    25.3    27.5    29.6    31.6    30.8    31.1    30.8    30.0    29.0    26.4    25.4    29.6    30.9    28.4    24.0    28.3
 1963    22.3    24.4    27.7    30.0    32.7    31.7    30.6    30.9    30.9    28.5    27.5    25.3    30.1    31.0    29.0    24.4    28.5
 1964    24.1    23.9    27.8    30.8    30.7    30.9    31.3    30.7    30.1    28.8    25.7    23.8    29.7    31.0    28.2    24.6    28.2
 1965    24.0    25.9    27.3    29.8    31.1    30.3    30.9    31.0    29.6    29.1    27.1    25.2    29.4    30.7    28.6    25.8    28.4
 1966    25.4    26.8    29.1    30.4    30.1    30.6    30.8    30.5    29.8    28.9    26.8    25.3    29.8    30.6    28.5    23.8    28.7
 1967    22.5    23.4    27.9    29.1    31.5    31.6    31.2    30.6    29.3    27.9    26.6    23.1    29.5    31.1    27.9    23.0    27.9
 1968    24.0    21.8    27.7    28.2    30.9    30.7    31.2    30.6    29.9    28.4    27.6    27.5    28.9    30.9    28.6    25.9    28.2
 1969    25.3    24.8    28.0    30.1    32.2    31.2    30.7    30.7    30.3    29.5    25.5    24.4    30.1    30.9    28.4    24.5    28.6
 1970    23.5    25.7    27.2    28.9    31.1    30.8    30.6    30.7    29.9    28.0    26.1    24.8    29.1    30.7    28.0    23.9    28.1
 1971    22.8    24.2    27.2    29.8    30.8    30.8    30.4    29.9    30.3    27.5    25.8    24.6    29.3    30.4    27.9    24.1    27.8
 1972    23.3    24.3    27.6    28.1    32.0    31.5    31.1    30.4    29.9    29.3    26.8    25.0    29.2    31.0    28.7    25.5    28.3
 1973    23.9    27.6    29.0    31.0    31.6    31.4    30.8    30.6    29.7    28.2    25.7    24.0    30.6    30.9    27.9    23.8    28.6
 1974    23.7    23.7    26.6    28.9    31.1    30.8    30.9    30.3    30.5    28.7    26.7    24.4    28.9    30.7    28.7    24.5    28.1
 1975    23.6    25.4    28.4    30.3    30.9    30.7    31.0    30.6    30.5    28.5    25.6    22.7    29.9    30.8    28.2    24.0    28.2
 1976    23.6    25.6    27.0    29.3    30.4    31.0    30.7    30.5    29.6    28.7    24.3    24.9    28.9    30.7    27.6    23.6    28.0
 1977    22.7    23.1    28.0    29.8    32.1    32.4    31.0    31.2    29.7    29.2    26.1    26.3    30.0    31.5    28.4    25.2    28.5
 1978    24.5    24.7    28.6    29.8    30.6    31.2    31.2    30.8    29.2    28.4    26.4    26.0    29.6    31.0    28.0    26.2    28.4
 1979    25.5    27.0    29.0    29.7    30.7    30.9    31.5    30.7    30.0    28.8    26.4    26.0    29.8    31.1    28.4    25.0    28.9
 1980    24.8    24.2    29.2    30.5    31.6    31.2    31.0    30.7    29.5    29.0    28.0    24.7    30.4    31.0    28.8    24.7    28.7
 1981    23.7    25.6    28.7    29.9    30.1    30.8    30.5    31.4    30.5    28.3    25.8    23.5    29.6    30.9    28.2    24.2    28.2
 1982    24.5    24.7    28.5    28.1    31.2    30.7    30.9    30.5    29.3    29.3    27.1    23.6    29.2    30.7    28.6    23.6    28.2
 1983    22.8    24.5    27.0    31.1    32.1    31.8    31.9    31.0    30.6    28.6    26.0    23.9    30.1    31.6    28.4    23.3    28.5
 1984    22.1    23.9    27.5    29.9    30.3    30.8    31.0    30.8    29.7    28.2    27.3    24.5    29.3    30.9    28.4    24.4    28.0
 1985    23.5    25.2    26.1    28.5    30.8    30.9    30.8    30.8    29.3    28.8    26.9    24.7    28.4    30.8    28.4    24.4    28.0
 1986    23.8    24.6    27.9    29.8    30.4    31.3    30.6    31.3    30.3    28.3    26.1    25.4    29.4    31.0    28.2    25.7    28.3
 1987    25.1    26.4    29.4    30.0    32.0    31.6    31.5    31.1    30.0    29.8    27.0    24.2    30.5    31.4    28.9    24.8    29.0
 1988    25.2    25.1    27.1    29.0    31.2    31.8    31.4    30.6    30.4    27.8    25.9    25.5    29.1    31.3    28.0    24.7    28.4
 1989    23.9    24.7    26.6    30.1    30.7    31.0    31.2    31.2    30.6    28.6    27.1    25.4    29.1    31.1    28.7    25.1    28.4
 1990    24.7    25.4    27.1    30.1    30.4    31.2    30.9    31.9    30.6    28.7    27.3    25.9    29.2    31.3    28.8    25.7    28.7
 1991    25.1    26.0    29.2    30.6    31.9    31.6    31.1    30.8    30.8    28.8    26.6    25.6    30.5    31.2    28.7    24.2    29.0
 1992    22.9    24.1    28.0    31.1    32.1    31.6    31.0    31.8    30.9    28.1    26.3    26.3    30.4    31.4    28.4    25.1    28.7
 1993    23.2    26.0    28.2    29.8    31.6    32.3    31.7    31.1    30.5    28.7    27.5    24.8    29.9    31.7    28.9    25.6    28.8
 1994    25.4    26.6    26.6    31.2    31.7    30.8    30.6    30.9    29.9    28.6    27.9    26.4    29.8    30.8    28.8    24.9    28.9
 1995    24.1    24.1    28.0    30.8    31.7    32.0    31.3    30.7    30.3    29.2    26.4    24.7    30.2    31.3    28.7    24.4    28.6
 1996    24.4    24.1    28.7    28.2    30.6    31.6    31.1    31.2    30.1    29.4    27.1    24.6    29.2    31.3    28.9    24.4    28.4
 1997    24.5    24.2    28.1    29.0    31.8    31.9    30.7    31.4    29.6    29.8    28.2    26.5    29.6    31.3    29.2    26.1    28.8
 1998    25.5    26.5    29.4    31.3    32.4    32.0    31.6    32.0    30.9    30.2    27.9    26.0    31.1    31.9    29.7    25.6    29.7
 1999    24.4    26.3    28.9    29.8    29.7    31.4    31.1    30.8    30.6    29.1    26.7    23.4    29.4    31.1    28.8    24.1    28.5
 2000    24.8    24.0    27.6    29.4    30.5    30.8    31.2    31.5    30.3    28.7    26.8    26.1    29.2    31.1    28.6    25.6    28.5
 2001    25.2    25.5    28.0    30.9    30.6    31.4    31.3    31.4    30.9    29.5    26.6    25.3    29.9    31.4    29.0    25.5    28.9
 2002    24.8    26.5    28.9    31.2    31.3    32.0    31.5    30.9    30.0    29.5    27.3    26.1    30.5    31.5    28.9    26.0    29.2
 2003    24.7    27.1    28.2    31.4    32.2    31.8    32.0    31.8    30.5    29.5    28.3    25.4    30.6    31.9    29.5    24.9    29.4
 2004    24.4    25.0    28.4    30.5    31.3    31.5    30.9    31.4    30.6    29.2    28.1    25.9    30.1    31.3    29.3    25.4    28.9
 2005    23.8    26.4    27.3    30.1    32.5    31.8    31.6    31.3    30.9    29.0    27.6    23.8    29.9    31.5    29.2    24.7    28.8
 2006    24.6    25.6    28.0    30.1    30.8    31.4    31.2    30.8    30.3    29.7    28.6    25.4    29.7    31.1    29.5    25.1    28.9
 2007    23.3    26.7    28.7    29.1    30.4    31.9    31.3    30.9    29.8    28.6    26.2    26.1    29.4    31.3    28.2    23.8    28.6
 2008    23.4    21.9    27.9    29.8    30.2    30.6    30.9    30.8    30.4    29.5    26.2    24.5    29.3    30.8    28.7    25.0    28.0
 2009    22.7    27.9    28.2    29.2    30.3    31.5    31.0    31.7    30.9    29.6    26.7    25.8    29.2    31.4    29.1    26.0    28.8
 2010    24.9    27.2    29.1    30.1    32.2    31.5    31.5    31.0    30.8    28.1    26.8    25.5    30.4    31.3    28.6    24.1    29.1
 2011    21.6    25.2    24.9    28.9    31.2    31.3    31.4    31.2    29.9    28.1    28.0    23.8    28.3    31.3    28.7    23.9    28.0
 2012    22.9    24.9    27.9    30.6    31.6    31.0    31.0    31.4    29.9    29.6    27.7    26.0    30.1    31.1    29.1    25.5    28.7
 2013    23.7    26.8    29.4    29.9    31.5    31.5    30.8    31.1    29.6    28.5    27.0    22.9    30.3    31.1    28.4    23.7    28.6
 2014    23.6    24.7    28.2    30.2    31.4    31.9    31.3    31.2    30.8    29.6    27.5    24.5    29.9    31.5    29.3    24.7    28.8
 2015    24.1    25.4    28.8    30.2    32.9    32.7    31.3    31.4    30.6    29.5    28.5    25.6    30.6    31.8    29.5    24.6    29.2
 2016    24.0    24.2    28.3    31.5    32.3    32.2    31.9    31.6    30.7    29.8    27.7    26.1    30.7    31.9    29.4  -999.0    29.2
