Climatic Research Unit Country File created on Tue 19 Sep 2017 17:57:34 BST, from CRU TS run #1709081022
Country = Panama               : parameter = Maximum Temperature            : Units = degrees Celsius     
Period = 1901.2016 : missing value = -999.0 : format = (i5,17f8.1)
 YEAR     JAN     FEB     MAR     APR     MAY     JUN     JUL     AUG     SEP     OCT     NOV     DEC     MAM     JJA     SON     DJF     ANN
 1901    29.5    30.1    30.9    31.0    30.3    29.3    29.7    29.3    28.9    28.7    28.4    28.7    30.7    29.5    28.6    29.4    29.6
 1902    29.4    30.0    30.8    30.9    30.2    29.3    29.7    29.3    28.8    28.7    28.4    28.7    30.6    29.4    28.7    29.4    29.5
 1903    29.4    30.1    30.8    30.9    30.2    29.3    29.7    29.3    28.9    28.7    28.4    28.7    30.6    29.5    28.7    29.4    29.5
 1904    29.4    30.1    30.8    31.0    30.2    29.4    29.7    29.3    28.9    28.7    28.4    28.7    30.6    29.5    28.7    29.4    29.5
 1905    29.4    30.0    30.8    30.9    30.2    29.3    29.7    29.3    28.9    28.7    28.4    28.7    30.6    29.5    28.7    29.4    29.5
 1906    29.4    30.0    30.8    30.9    30.2    29.3    29.7    29.3    28.8    28.8    28.4    28.6    30.6    29.5    28.7    29.4    29.5
 1907    29.5    30.1    30.9    31.0    30.1    29.3    29.7    29.3    28.9    28.7    28.4    28.7    30.7    29.5    28.7    29.4    29.6
 1908    29.4    30.0    30.8    30.9    30.2    29.3    29.7    29.3    28.9    28.7    28.4    28.7    30.6    29.5    28.7    29.4    29.5
 1909    29.4    30.1    30.9    31.0    30.2    29.3    29.7    29.3    28.9    28.7    28.4    28.6    30.7    29.5    28.7    29.4    29.5
 1910    29.4    30.1    30.8    30.9    30.2    29.3    29.7    29.3    28.9    28.8    28.4    28.7    30.6    29.5    28.7    29.4    29.5
 1911    29.5    30.0    30.9    30.9    30.1    29.4    29.7    29.3    28.9    28.7    28.4    28.7    30.6    29.5    28.7    29.4    29.5
 1912    29.4    30.0    30.8    30.9    30.2    29.4    29.7    29.3    28.9    28.7    28.4    28.7    30.6    29.5    28.7    29.4    29.5
 1913    29.4    30.1    30.9    31.0    30.2    29.4    29.7    29.3    28.9    28.8    28.4    28.6    30.7    29.5    28.7    29.4    29.6
 1914    29.4    30.0    30.8    30.9    30.1    29.4    29.7    29.3    28.9    28.7    28.4    28.7    30.6    29.5    28.7    29.4    29.5
 1915    29.5    30.0    30.9    30.9    31.3    30.2    30.8    30.7    29.6    30.1    29.1    29.4    31.0    30.6    29.6    29.8    30.2
 1916    29.7    30.1    30.8    31.7    31.0    29.9    30.3    29.3    29.4    28.8    28.3    28.4    31.2    29.8    28.9    28.7    29.8
 1917    28.9    28.9    30.6    31.0    30.2    28.8    29.8    29.2    28.9    28.8    28.3    28.7    30.6    29.3    28.7    29.3    29.3
 1918    29.3    29.7    29.6    30.4    29.1    28.5    29.7    29.8    29.0    29.2    28.3    28.7    29.7    29.3    28.8    29.4    29.3
 1919    29.4    30.0    30.9    30.9    30.2    29.4    29.7    29.3    28.9    28.7    28.4    28.7    30.7    29.5    28.7    29.4    29.5
 1920    29.4    30.0    30.9    30.9    30.2    29.4    29.7    29.3    28.9    28.8    28.4    28.6    30.6    29.5    28.7    29.3    29.5
 1921    29.6    29.8    29.8    30.2    29.4    28.8    29.7    28.8    28.8    27.9    28.1    28.5    29.8    29.1    28.3    29.1    29.1
 1922    29.3    29.5    30.0    30.8    29.7    28.4    29.1    29.1    28.6    28.3    27.6    28.1    30.2    28.9    28.2    28.9    29.0
 1923    28.8    29.7    30.7    30.6    29.7    29.4    28.9    29.1    29.1    28.4    28.5    28.4    30.3    29.1    28.7    29.6    29.3
 1924    30.2    30.1    31.6    31.3    30.4    28.8    29.3    29.4    28.1    28.2    27.9    28.3    31.1    29.2    28.1    28.6    29.5
 1925    28.6    29.0    29.7    30.6    30.2    29.0    29.4    28.9    28.8    29.1    28.2    28.9    30.2    29.1    28.7    29.8    29.2
 1926    29.9    30.6    31.5    32.0    30.9    29.9    29.8    29.3    28.7    28.8    28.5    28.3    31.5    29.6    28.7    29.0    29.8
 1927    29.1    29.6    30.7    30.5    29.9    29.1    28.9    29.5    28.8    28.5    28.7    28.9    30.4    29.1    28.7    29.5    29.3
 1928    29.4    30.3    30.6    31.2    30.1    29.2    29.5    29.2    28.8    28.8    28.3    28.4    30.6    29.3    28.6    29.5    29.5
 1929    29.7    30.3    30.7    30.9    29.9    29.1    29.1    29.3    29.0    28.9    28.6    29.0    30.5    29.2    28.8    29.7    29.5
 1930    30.1    30.0    32.0    31.2    29.9    29.4    29.9    29.4    29.5    28.3    29.0    29.4    31.0    29.6    28.9    30.0    29.9
 1931    30.2    30.5    31.6    32.0    30.2    29.2    28.9    29.6    28.6    29.5    28.8    28.2    31.3    29.2    29.0    28.9    29.8
 1932    28.8    29.7    30.4    31.6    29.1    28.6    29.4    28.7    28.7    27.8    28.2    28.4    30.4    28.9    28.2    29.0    29.1
 1933    29.0    29.8    30.5    30.9    30.2    29.0    30.0    30.1    30.1    29.2    27.9    28.3    30.5    29.7    29.1    29.2    29.6
 1934    29.6    29.7    30.5    32.1    30.9    29.2    29.9    30.6    29.9    29.2    28.7    29.4    31.2    29.9    29.3    29.6    30.0
 1935    29.7    29.8    31.1    31.6    30.2    29.8    30.7    29.5    30.1    29.1    28.7    29.1    31.0    30.0    29.3    30.1    30.0
 1936    29.9    31.4    31.5    32.4    31.1    30.0    30.4    30.8    30.5    29.7    29.3    29.6    31.7    30.4    29.9    29.9    30.6
 1937    30.0    30.3    31.8    32.6    31.0    29.4    29.9    29.5    29.2    29.7    29.0    29.9    31.8    29.6    29.3    30.1    30.2
 1938    30.0    30.4    30.6    30.3    30.2    29.9    30.2    29.1    29.9    29.5    28.8    28.8    30.4    29.7    29.4    29.6    29.8
 1939    30.5    29.5    30.2    31.2    31.1    29.4    30.6    30.1    29.5    29.7    28.5    29.7    30.8    30.0    29.3    30.1    30.0
 1940    29.6    31.0    31.4    31.8    31.6    30.5    30.9    30.5    30.3    29.7    29.4    28.6    31.6    30.6    29.8    30.3    30.5
 1941    30.7    31.5    32.1    31.3    30.8    29.6    29.4    29.8    29.3    30.5    30.3    30.6    31.4    29.6    30.0    30.8    30.5
 1942    30.6    31.3    31.2    31.6    30.8    30.4    30.1    29.8    29.7    29.1    28.6    29.1    31.2    30.1    29.1    29.6    30.2
 1943    29.6    30.0    30.5    30.8    30.5    29.7    30.7    29.7    30.4    29.3    29.5    29.3    30.6    30.0    29.7    29.7    30.0
 1944    29.8    30.1    31.3    31.7    29.9    28.7    30.3    29.8    28.9    29.1    28.4    29.0    31.0    29.6    28.8    29.9    29.7
 1945    29.9    30.7    31.6    30.4    28.7    29.9    30.0    29.4    29.6    28.8    28.8    29.5    30.2    29.8    29.0    29.9    29.8
 1946    30.1    30.1    31.0    30.7    30.3    30.8    30.7    30.2    30.1    29.7    28.5    28.6    30.6    30.6    29.5    29.7    30.1
 1947    30.0    30.4    31.9    31.8    30.5    29.8    29.8    30.2    29.5    28.9    29.4    30.1    31.4    30.0    29.2    30.5    30.2
 1948    30.4    31.1    31.8    30.9    30.6    29.8    30.0    30.2    30.0    29.3    28.9    29.5    31.1    30.0    29.4    29.5    30.2
 1949    29.1    30.0    31.1    31.7    30.9    29.2    29.7    29.0    30.2    29.7    29.8    29.6    31.2    29.3    29.9    29.8    30.0
 1950    29.5    30.1    31.4    30.6    29.6    28.3    28.9    28.8    29.9    28.7    28.6    29.1    30.5    28.6    29.1    29.1    29.5
 1951    29.1    29.2    30.8    31.6    30.9    29.8    29.6    29.9    29.8    30.2    29.5    29.3    31.1    29.8    29.8    30.1    30.0
 1952    30.3    30.7    31.7    31.5    30.5    29.6    30.0    30.3    30.1    30.1    29.7    29.5    31.2    30.0    30.0    30.2    30.3
 1953    30.1    31.1    31.3    32.3    30.9    30.5    30.6    31.0    29.6    29.6    29.6    30.4    31.5    30.7    29.6    30.7    30.6
 1954    31.1    30.8    32.3    31.7    30.6    29.4    29.5    28.8    29.3    28.2    29.2    29.4    31.5    29.2    28.9    30.2    30.0
 1955    30.1    31.1    31.1    31.1    30.8    29.4    29.1    29.7    29.5    29.0    29.4    29.5    31.0    29.4    29.3    30.0    30.0
 1956    29.7    30.7    32.2    32.8    31.3    30.0    31.0    30.5    29.9    29.4    29.5    29.9    32.1    30.5    29.6    30.6    30.6
 1957    30.6    31.1    31.9    32.2    31.6    31.2    30.8    30.8    30.5    30.0    30.0    30.4    31.9    30.9    30.2    31.0    30.9
 1958    31.1    31.6    32.8    32.6    31.6    31.1    30.8    30.7    31.2    30.9    30.2    30.1    32.3    30.8    30.8    31.1    31.2
 1959    31.1    32.2    32.7    32.3    30.8    29.4    30.4    30.6    30.7    30.2    29.8    30.1    31.9    30.1    30.2    30.6    30.9
 1960    30.4    31.3    31.4    31.8    31.0    29.9    30.3    30.2    30.2    29.7    29.6    29.4    31.4    30.1    29.9    30.5    30.4
 1961    30.6    31.4    31.7    31.8    31.5    29.9    29.8    29.9    29.5    29.6    28.7    30.1    31.7    29.9    29.3    30.3    30.4
 1962    30.3    30.6    30.9    31.2    29.9    28.8    30.4    29.7    29.8    29.4    29.2    29.9    30.7    29.6    29.5    30.4    30.0
 1963    30.6    30.6    32.0    31.3    30.6    30.4    30.3    30.4    29.8    30.0    29.1    30.1    31.3    30.4    29.6    31.2    30.4
 1964    31.5    32.0    32.6    31.6    31.0    28.9    29.5    29.5    29.1    29.1    29.2    29.4    31.7    29.3    29.2    30.1    30.3
 1965    29.7    31.2    31.9    31.2    30.5    30.5    30.6    29.9    29.7    29.7    29.2    29.7    31.2    30.3    29.5    31.0    30.3
 1966    31.1    32.1    31.7    31.9    30.5    29.2    30.0    29.8    29.2    28.6    28.4    28.6    31.4    29.6    28.7    29.5    30.1
 1967    29.8    30.1    30.6    31.0    30.5    28.9    29.5    29.8    29.2    29.4    28.9    29.4    30.7    29.4    29.2    29.6    29.8
 1968    29.9    29.6    30.6    30.5    30.0    28.7    29.9    29.6    28.8    28.7    28.6    28.9    30.4    29.4    28.7    29.3    29.5
 1969    29.1    30.1    32.0    31.4    31.2    29.9    30.8    29.3    29.1    28.8    28.5    29.0    31.5    30.0    28.8    29.6    29.9
 1970    29.5    30.2    31.5    31.4    29.9    29.8    29.5    29.2    28.6    28.8    27.9    28.6    30.9    29.5    28.4    28.8    29.6
 1971    28.5    29.3    30.0    30.5    29.5    29.0    29.2    28.2    28.1    28.4    28.1    28.7    30.0    28.8    28.2    29.2    29.0
 1972    29.0    29.9    30.7    31.2    30.3    29.8    30.7    29.4    29.6    29.6    29.3    29.4    30.7    30.0    29.5    30.4    29.9
 1973    30.6    31.0    31.8    31.8    30.5    28.8    29.4    28.6    27.9    28.2    27.8    27.5    31.4    28.9    27.9    28.2    29.5
 1974    28.2    28.8    29.5    30.3    29.5    28.7    29.1    28.9    27.8    27.9    27.7    28.4    29.7    28.9    27.8    28.5    28.7
 1975    28.8    28.4    29.7    30.6    29.2    28.6    27.8    28.0    27.4    27.6    27.0    26.6    29.8    28.1    27.3    27.7    28.3
 1976    28.2    28.4    29.7    29.9    29.3    28.6    29.5    29.2    29.2    28.2    28.4    28.7    29.6    29.1    28.6    29.3    29.0
 1977    29.4    29.6    30.5    30.4    29.4    28.7    29.1    28.7    28.4    28.3    28.0    29.1    30.1    28.8    28.2    29.6    29.1
 1978    29.3    30.3    30.5    30.3    29.9    28.9    29.1    29.4    28.6    28.6    28.4    28.2    30.3    29.1    28.5    29.2    29.3
 1979    29.2    30.2    30.4    30.8    30.0    29.1    30.0    29.2    28.3    28.9    28.4    28.9    30.4    29.4    28.5    29.3    29.5
 1980    29.3    29.6    31.3    31.4    30.7    29.7    30.0    29.5    29.3    29.1    28.0    28.0    31.2    29.8    28.8    28.9    29.7
 1981    29.0    29.7    30.9    30.5    29.6    28.4    29.5    28.8    29.0    28.7    28.0    28.3    30.3    28.9    28.6    28.9    29.2
 1982    29.0    29.3    30.2    30.1    29.5    29.7    29.7    30.4    29.2    28.5    28.4    28.7    29.9    29.9    28.7    29.9    29.4
 1983    30.0    31.0    31.5    31.3    31.1    30.3    30.2    29.9    29.2    28.8    28.6    28.3    31.3    30.2    28.9    28.7    30.0
 1984    28.5    29.2    30.7    30.7    29.9    28.8    28.6    28.6    27.8    28.3    27.8    27.7    30.4    28.7    28.0    28.6    28.9
 1985    28.2    29.9    30.4    30.5    30.2    29.6    29.6    28.6    28.5    28.6    27.9    28.5    30.4    29.3    28.3    28.8    29.2
 1986    28.6    29.2    30.4    30.7    30.1    29.5    30.5    29.5    29.3    28.9    28.9    29.4    30.4    29.9    29.0    29.9    29.6
 1987    29.8    30.5    30.7    30.6    30.8    30.7    29.8    30.0    29.6    28.9    29.3    29.4    30.7    30.2    29.3    29.8    30.0
 1988    29.8    30.0    31.0    30.8    30.5    29.4    29.6    28.3    28.2    28.5    27.8    27.7    30.7    29.1    28.2    28.4    29.3
 1989    28.7    28.8    29.5    30.5    29.6    29.0    29.4    28.9    28.0    28.5    28.6    28.0    29.9    29.1    28.4    28.9    29.0
 1990    29.2    29.5    30.4    30.8    30.4    30.0    30.0    29.9    29.7    28.6    28.5    28.5    30.5    30.0    29.0    29.5    29.6
 1991    29.8    30.2    30.9    31.1    29.7    29.8    29.6    29.3    29.3    29.4    28.5    28.6    30.6    29.6    29.1    29.6    29.7
 1992    29.8    30.3    31.6    31.6    30.8    30.0    29.4    29.3    29.1    29.4    28.6    28.7    31.3    29.6    29.0    29.3    29.9
 1993    29.2    30.1    31.0    31.5    30.3    30.1    30.4    29.9    29.0    29.5    28.7    29.5    30.9    30.1    29.0    29.6    29.9
 1994    29.4    30.0    30.9    31.0    30.6    29.8    30.0    29.6    29.5    29.0    28.4    29.2    30.8    29.8    29.0    30.0    29.8
 1995    30.2    30.5    31.3    31.4    30.3    29.6    30.0    29.3    29.7    29.2    28.6    29.0    31.0    29.6    29.2    28.9    29.9
 1996    29.6    28.0    29.9    30.3    30.0    29.5    29.3    27.6    28.7    27.6    26.3    28.6    30.0    28.8    27.5    28.9    28.8
 1997    28.8    29.3    30.0    29.6    30.5    28.1    30.7    30.4    28.3    28.7    28.1    28.6    30.0    29.8    28.3    29.7    29.3
 1998    29.2    31.4    30.9    31.6    29.9    28.6    29.5    28.3    27.8    28.0    26.9    26.2    30.8    28.8    27.6    27.8    29.0
 1999    28.5    28.8    30.6    31.0    30.1    29.3    29.8    29.2    28.5    28.6    28.3    28.6    30.6    29.4    28.5    29.0    29.3
 2000    28.8    29.4    30.4    30.9    30.1    29.3    29.6    29.7    28.7    29.3    28.6    29.0    30.5    29.5    28.9    29.5    29.5
 2001    29.5    30.0    30.7    31.1    30.8    29.8    30.2    30.4    29.4    29.8    28.7    29.6    30.8    30.1    29.3    30.1    30.0
 2002    30.3    30.4    31.1    31.0    31.0    29.9    30.5    29.9    28.6    27.7    28.0    28.0    31.0    30.1    28.1    28.8    29.7
 2003    29.7    28.9    30.7    31.2    29.9    28.4    29.4    29.8    29.1    27.9    27.3    27.4    30.6    29.2    28.1    28.3    29.1
 2004    27.9    29.5    30.3    30.8    30.5    29.8    29.9    28.1    27.2    29.5    26.9    26.8    30.5    29.3    27.9    28.2    28.9
 2005    28.6    29.1    30.7    31.0    29.2    28.7    30.7    29.1    28.6    27.4    26.7    27.6    30.3    29.5    27.6    28.8    28.9
 2006    28.8    30.2    29.9    30.2    28.9    28.4    29.7    28.5    28.0    28.2    27.5    28.5    29.7    28.8    27.9    28.8    28.9
 2007    27.9    30.1    30.5    30.8    29.1    29.1    30.3    28.0    28.2    27.6    28.2    27.6    30.2    29.1    28.0    28.9    29.0
 2008    29.2    29.7    30.5    30.8    29.7    29.3    29.6    29.0    29.1    28.7    27.7    28.3    30.3    29.3    28.5    29.1    29.3
 2009    29.1    29.9    29.6    30.9    30.3    29.4    30.6    30.1    30.1    29.5    28.9    29.8    30.3    30.0    29.5    30.3    29.8
 2010    30.4    30.7    32.4    31.6    31.0    29.9    30.1    29.3    29.1    29.1    27.7    27.6    31.7    29.8    28.6    29.0    29.9
 2011    29.6    29.9    30.3    30.6    30.6    29.4    29.9    29.6    29.1    28.2    28.0    28.0    30.5    29.6    28.4    28.9    29.4
 2012    29.1    29.5    30.2    30.2    30.0    29.6    30.3    29.7    29.5    29.2    28.4    29.2    30.1    29.9    29.0    29.6    29.6
 2013    30.1    29.4    30.6    31.6    30.2    30.0    30.6    29.6    29.3    29.6    28.7    29.1    30.8    30.1    29.2    29.4    29.9
 2014    29.7    29.5    30.9    31.6    30.6    30.4    31.0    30.2    29.6    29.2    28.8    29.1    31.1    30.5    29.2    29.6    30.0
 2015    29.9    29.8    30.5    31.2    30.7    30.1    30.0    30.6    30.0    29.8    28.8    30.4    30.8    30.2    29.5    30.4    30.1
 2016    30.6    30.1    31.8    31.5    31.3    30.2    30.4    30.5    29.6    29.4    27.9    28.9    31.5    30.4    29.0  -999.0    30.2
