Climatic Research Unit Country File created on Tue 19 Sep 2017 17:57:34 BST, from CRU TS run #1709081022
Country = St_Vincent           : parameter = Maximum Temperature            : Units = degrees Celsius     
Period = 1901.2016 : missing value = -999.0 : format = (i5,17f8.1)
 YEAR     JAN     FEB     MAR     APR     MAY     JUN     JUL     AUG     SEP     OCT     NOV     DEC     MAM     JJA     SON     DJF     ANN
 1901    28.9    28.9    29.6    30.7    31.2    30.8    30.8    31.0    30.6    30.1    29.4    28.3    30.5    30.9    30.0    28.2    30.0
 1902    28.1    28.3    28.6    29.7    30.8    30.7    30.4    30.8    30.4    29.8    29.6    28.8    29.7    30.6    29.9    28.6    29.7
 1903    28.4    28.5    28.7    29.8    30.8    30.9    30.7    30.6    30.4    30.4    29.3    28.4    29.8    30.7    30.0    28.0    29.7
 1904    27.9    27.8    28.1    29.1    30.2    30.1    30.2    30.1    30.2    29.5    29.6    28.5    29.1    30.1    29.8    28.1    29.3
 1905    28.3    27.6    28.3    30.0    30.1    30.4    30.5    30.8    30.6    30.1    29.8    28.2    29.5    30.6    30.2    28.0    29.6
 1906    27.9    28.0    28.6    29.5    30.5    30.1    30.1    30.7    30.3    30.3    29.8    27.8    29.5    30.3    30.1    27.6    29.5
 1907    27.5    27.5    28.0    29.1    29.7    30.1    30.3    30.4    30.3    30.0    29.4    28.5    28.9    30.3    29.9    28.1    29.2
 1908    28.1    27.8    28.1    29.1    29.6    30.3    30.3    30.6    30.5    29.9    29.2    28.7    28.9    30.4    29.9    28.1    29.4
 1909    27.8    27.7    29.0    29.3    30.3    29.9    30.1    30.1    30.3    29.9    29.3    27.8    29.5    30.0    29.8    27.6    29.3
 1910    27.4    27.5    28.0    29.0    30.2    30.3    30.2    30.5    30.0    29.8    29.8    28.8    29.1    30.3    29.9    28.0    29.3
 1911    27.7    27.5    28.3    29.2    29.8    30.6    29.9    30.6    30.6    30.1    29.7    28.6    29.1    30.4    30.1    28.5    29.4
 1912    28.4    28.4    28.6    29.6    30.6    30.4    30.5    30.6    30.3    30.0    29.4    28.7    29.6    30.5    29.9    27.8    29.6
 1913    27.7    27.1    28.2    29.1    30.9    29.9    29.5    29.8    30.1    29.3    28.9    27.7    29.4    29.7    29.4    27.9    29.0
 1914    27.9    28.1    28.9    29.2    29.7    30.0    29.8    29.7    29.9    29.5    29.1    28.8    29.3    29.8    29.5    28.4    29.2
 1915    28.3    28.1    29.3    29.7    30.6    30.5    30.3    31.0    30.6    30.5    29.8    28.8    29.9    30.6    30.3    28.2    29.8
 1916    27.9    28.0    28.5    29.6    30.5    30.3    30.2    30.2    30.2    29.8    29.1    27.8    29.5    30.2    29.7    27.6    29.3
 1917    27.6    27.5    28.1    29.3    30.6    30.6    30.4    30.1    30.3    30.3    29.6    28.4    29.3    30.4    30.1    28.0    29.4
 1918    27.8    27.8    28.4    29.1    30.0    30.6    30.4    30.8    30.9    30.4    29.5    28.2    29.2    30.6    30.3    28.0    29.5
 1919    27.6    28.1    28.5    29.3    30.5    30.6    30.1    30.4    30.2    29.7    28.8    28.4    29.4    30.4    29.6    28.0    29.4
 1920    27.7    27.8    28.6    29.5    30.2    30.0    29.8    30.0    29.9    29.8    29.1    28.0    29.4    29.9    29.6    28.2    29.2
 1921    28.1    28.4    28.8    29.0    30.5    30.2    29.6    30.3    30.5    29.8    29.4    28.4    29.4    30.0    29.9    28.1    29.4
 1922    28.0    27.9    28.2    29.0    30.0    30.0    30.0    30.1    30.3    30.2    29.2    27.8    29.1    30.0    29.9    27.6    29.2
 1923    27.6    27.4    28.0    29.2    30.8    30.1    30.1    30.6    30.7    30.4    29.9    28.3    29.3    30.3    30.3    28.2    29.4
 1924    28.0    28.2    29.1    30.1    31.0    30.3    30.2    30.5    30.5    29.9    29.2    28.1    30.1    30.3    29.9    27.7    29.6
 1925    27.5    27.4    28.1    29.6    30.5    30.3    30.1    30.4    30.5    30.3    29.7    29.1    29.4    30.3    30.2    28.7    29.5
 1926    28.5    28.6    29.4    30.2    31.2    31.3    30.6    30.6    30.5    30.2    29.8    28.6    30.3    30.8    30.2    28.0    30.0
 1927    27.9    27.5    28.8    29.3    30.3    30.2    29.9    30.4    30.6    30.1    30.0    28.8    29.5    30.2    30.2    28.4    29.5
 1928    28.1    28.2    28.7    29.7    30.5    30.3    30.1    30.4    30.4    30.0    29.7    28.5    29.6    30.3    30.0    28.2    29.6
 1929    27.9    28.1    28.2    29.2    29.5    30.1    30.1    30.4    30.3    30.2    29.4    28.2    29.0    30.2    30.0    27.8    29.3
 1930    27.7    27.6    28.5    29.4    30.5    30.3    29.9    30.4    30.3    30.3    29.8    28.9    29.5    30.2    30.1    29.0    29.5
 1931    29.5    28.5    29.4    29.7    30.6    30.2    30.1    30.5    30.5    30.4    29.5    28.7    29.9    30.3    30.1    28.9    29.8
 1932    28.5    29.6    29.5    30.1    30.8    30.7    30.8    31.1    31.4    30.8    30.5    29.3    30.1    30.9    30.9    28.9    30.3
 1933    29.6    27.7    29.0    30.5    31.0    30.4    30.6    30.6    30.5    30.3    29.5    28.7    30.2    30.5    30.1    28.4    29.9
 1934    28.1    28.4    28.3    29.8    30.9    31.6    30.7    31.2    30.7    30.3    31.1    28.8    29.7    31.2    30.7    29.0    30.0
 1935    30.1    28.2    28.2    28.6    30.5    31.0    30.1    29.9    30.3    30.5    30.0    27.3    29.1    30.3    30.3    27.6    29.6
 1936    27.8    27.6    29.5    30.0    30.7    30.3    30.0    30.5    31.1    30.6    29.9    29.0    30.1    30.3    30.5    28.2    29.8
 1937    27.2    28.5    29.8    29.7    31.5    30.2    31.1    31.5    31.7    31.0    31.3    29.7    30.3    30.9    31.3    28.7    30.3
 1938    28.3    28.1    28.7    29.3    30.5    30.4    30.4    30.9    31.1    31.0    29.8    29.1    29.5    30.6    30.6    28.5    29.8
 1939    28.3    28.1    29.1    28.7    30.4    30.8    30.3    31.0    31.3    31.0    30.3    29.9    29.4    30.7    30.9    29.7    29.9
 1940    30.3    28.8    29.5    30.8    31.1    30.7    30.6    31.0    31.6    31.3    30.7    28.4    30.5    30.8    31.2    29.1    30.4
 1941    29.1    29.8    30.6    31.7    31.9    30.8    30.1    30.5    31.3    31.3    29.7    28.7    31.4    30.5    30.8    29.0    30.5
 1942    28.8    29.6    29.3    29.9    31.7    30.9    30.1    30.3    31.3    31.3    29.9    28.3    30.3    30.4    30.8    28.4    30.1
 1943    28.0    29.0    28.4    29.4    29.5    29.9    29.9    30.3    31.4    31.0    29.5    28.6    29.1    30.0    30.6    28.7    29.6
 1944    28.6    29.0    29.2    29.7    30.9    29.9    30.0    30.8    31.2    31.2    30.5    29.0    29.9    30.2    31.0    28.5    30.0
 1945    28.6    27.8    28.9    28.8    30.8    30.1    30.0    30.3    31.1    30.5    29.7    28.2    29.5    30.1    30.4    28.0    29.6
 1946    27.8    28.0    28.5    29.8    29.4    30.5    29.8    30.4    31.1    31.5    30.3    28.9    29.2    30.2    31.0    28.5    29.7
 1947    27.5    29.2    29.5    29.6    30.9    30.9    30.1    30.9    31.1    30.7    29.7    28.9    30.0    30.6    30.5    28.6    29.9
 1948    28.6    28.3    28.5    29.4    31.1    31.0    30.2    30.6    31.0    30.8    29.7    28.7    29.7    30.6    30.5    28.0    29.8
 1949    27.7    27.6    29.0    29.9    30.6    30.5    30.4    31.0    31.0    30.5    30.0    28.5    29.8    30.6    30.5    27.8    29.7
 1950    27.1    27.8    27.9    29.0    30.1    29.8    29.6    30.4    30.6    30.0    29.1    28.0    29.0    29.9    29.9    28.2    29.1
 1951    28.2    28.3    29.8    29.9    30.6    30.6    30.7    31.1    30.9    31.1    30.2    29.0    30.1    30.8    30.7    28.8    30.0
 1952    28.5    28.8    30.1    30.6    31.7    31.0    30.5    31.0    30.7    30.6    29.9    28.9    30.8    30.8    30.4    28.5    30.2
 1953    28.5    28.2    28.9    30.7    30.3    31.0    30.5    31.1    31.0    31.0    29.9    28.7    30.0    30.9    30.6    28.6    30.0
 1954    28.6    28.6    29.5    29.4    31.0    30.7    30.5    30.4    30.0    29.5    29.4    28.1    30.0    30.5    29.6    28.2    29.6
 1955    28.7    27.7    29.2    30.1    30.7    30.5    30.5    30.7    30.2    30.5    29.6    28.6    30.0    30.6    30.1    28.3    29.8
 1956    28.6    27.8    28.6    30.1    30.2    30.0    30.4    30.2    30.5    30.3    29.7    27.9    29.6    30.2    30.2    27.7    29.5
 1957    27.8    27.5    29.6    29.7    30.8    30.5    30.4    30.7    31.3    31.1    29.5    28.3    30.0    30.5    30.6    28.6    29.8
 1958    28.6    29.0    30.8    31.0    30.8    30.7    30.5    30.9    31.1    30.3    29.6    28.8    30.9    30.7    30.3    28.5    30.2
 1959    28.9    27.9    29.0    30.0    30.4    30.6    30.7    30.9    31.2    30.1    30.1    29.3    29.8    30.7    30.5    29.2    29.9
 1960    29.0    29.3    29.7    30.3    31.7    30.8    30.8    30.8    31.3    30.9    30.3    29.1    30.6    30.8    30.8    28.9    30.3
 1961    29.1    28.6    29.6    30.5    31.0    30.8    30.2    30.8    31.2    30.2    29.5    28.5    30.4    30.6    30.3    28.1    30.0
 1962    27.9    28.0    29.7    30.1    31.9    30.4    30.3    30.3    30.5    30.7    30.2    29.2    30.6    30.3    30.5    29.0    29.9
 1963    29.0    28.8    29.2    30.3    30.6    30.8    30.3    31.3    30.8    31.4    30.2    29.3    30.0    30.8    30.8    28.8    30.2
 1964    28.6    28.6    29.7    29.6    31.1    30.4    29.8    30.3    30.6    30.1    29.9    28.2    30.1    30.2    30.2    28.2    29.7
 1965    28.5    27.9    29.1    30.0    30.8    30.6    30.3    30.7    30.8    30.6    30.3    29.5    30.0    30.5    30.6    29.1    29.9
 1966    29.6    28.2    29.3    30.1    30.4    30.4    30.0    30.3    30.4    30.7    30.0    28.8    29.9    30.2    30.4    28.6    29.9
 1967    28.5    28.4    28.7    29.7    30.1    30.8    30.1    30.5    30.7    30.5    29.8    29.0    29.5    30.5    30.3    28.6    29.7
 1968    28.0    28.9    29.4    30.2    30.9    30.7    30.7    30.8    30.9    31.0    30.4    29.3    30.2    30.7    30.8    29.3    30.1
 1969    28.9    29.6    30.8    31.5    32.0    31.6    31.3    31.3    31.3    31.2    30.6    30.0    31.4    31.4    31.0    29.5    30.8
 1970    29.4    29.2    29.9    30.9    31.7    30.9    30.2    30.8    31.0    31.0    30.1    28.8    30.8    30.6    30.7    28.7    30.3
 1971    28.6    28.6    29.5    30.1    30.7    31.0    30.9    30.6    31.2    30.3    29.6    29.0    30.1    30.8    30.4    28.4    30.0
 1972    28.0    28.2    29.1    29.8    30.5    31.2    30.6    31.0    31.3    31.1    30.1    29.2    29.8    30.9    30.8    29.3    30.0
 1973    29.2    29.5    29.7    30.8    31.5    31.4    31.7    31.2    30.9    30.6    29.9    28.4    30.7    31.4    30.5    28.1    30.4
 1974    27.7    28.3    28.7    29.0    31.3    31.2    31.0    30.9    30.6    30.4    29.6    28.8    29.7    31.0    30.2    28.3    29.8
 1975    27.9    28.3    29.3    30.3    31.2    31.4    31.3    31.3    31.3    30.1    29.7    27.8    30.3    31.3    30.4    27.6    30.0
 1976    27.7    27.4    27.8    29.7    30.6    30.4    30.3    31.2    31.5    31.2    30.3    28.6    29.4    30.6    31.0    29.0    29.7
 1977    29.3    29.1    29.7    29.9    31.2    31.3    31.3    31.0    31.3    30.9    30.3    29.2    30.3    31.2    30.8    29.3    30.4
 1978    29.3    29.4    29.8    30.7    31.4    31.1    30.7    30.7    31.6    31.1    30.5    29.5    30.6    30.8    31.1    29.4    30.5
 1979    29.3    29.3    29.8    30.4    31.6    31.1    30.9    31.3    30.9    31.2    30.8    29.5    30.6    31.1    31.0    29.5    30.5
 1980    29.5    29.5    30.2    30.8    31.6    31.6    31.0    31.2    31.4    31.1    30.5    29.3    30.9    31.3    31.0    29.7    30.6
 1981    29.9    29.8    30.8    30.1    31.3    31.2    31.0    31.1    31.2    31.2    30.9    29.4    30.7    31.1    31.1    29.2    30.7
 1982    29.4    28.7    29.7    30.6    31.3    31.3    31.0    31.2    31.3    31.1    30.3    29.3    30.5    31.2    30.9    29.1    30.4
 1983    28.8    29.3    30.1    31.3    31.0    31.6    31.0    31.4    31.4    31.0    31.1    29.8    30.8    31.3    31.2    29.3    30.6
 1984    29.0    29.1    29.6    30.6    31.1    31.4    30.8    31.3    30.9    30.4    29.3    28.9    30.4    31.2    30.2    28.7    30.2
 1985    28.8    28.5    29.2    30.1    30.9    31.4    31.1    31.2    31.1    30.4    29.9    28.6    30.1    31.2    30.5    28.7    30.1
 1986    28.5    28.9    29.4    30.5    31.3    30.9    31.2    31.4    31.3    31.3    29.9    29.2    30.4    31.2    30.8    29.4    30.3
 1987    29.2    29.7    30.6    31.6    32.2    32.0    31.8    32.5    32.4    31.9    31.0    30.6    31.5    32.1    31.8    29.8    31.3
 1988    29.5    29.2    30.0    31.2    32.1    32.3    31.7    31.5    31.9    30.9    30.7    29.6    31.1    31.8    31.2    29.2    30.9
 1989    28.9    29.2    29.4    29.7    31.4    31.3    31.6    31.8    31.3    31.5    30.0    30.1    30.2    31.6    30.9    29.2    30.5
 1990    28.7    28.9    29.8    31.1    31.7    31.8    31.7    31.9    32.6    31.6    31.0    30.4    30.9    31.8    31.7    29.5    30.9
 1991    29.0    29.1    30.0    30.7    32.1    32.0    31.6    31.7    31.4    30.9    30.0    29.4    30.9    31.8    30.8    29.2    30.7
 1992    29.0    29.1    30.3    31.1    31.1    31.1    31.3    31.2    31.2    31.6    29.9    29.4    30.8    31.2    30.9    29.2    30.5
 1993    28.8    29.4    30.0    31.4    31.7    31.9    31.5    31.5    31.6    31.7    30.7    30.1    31.0    31.6    31.3    29.5    30.9
 1994    29.5    28.9    30.3    31.2    31.6    31.5    31.3    31.5    30.9    31.1    30.9    29.7    31.0    31.4    31.0    29.7    30.7
 1995    30.0    29.3    29.9    31.0    32.6    31.8    31.4    31.7    31.4    31.2    30.6    30.0    31.2    31.6    31.1    29.6    30.9
 1996    29.4    29.4    29.6    30.4    31.0    30.8    30.7    31.3    30.9    30.7    30.0    29.2    30.3    30.9    30.5    28.9    30.3
 1997    29.2    28.2    29.4    30.6    31.4    31.6    31.1    31.2    31.5    31.4    30.8    30.1    30.5    31.3    31.2    29.8    30.5
 1998    29.5    29.8    30.3    31.2    31.6    31.7    31.6    32.1    31.7    31.1    30.5    29.1    31.0    31.8    31.1    28.9    30.9
 1999    28.9    28.7    29.8    30.4    32.1    31.7    31.4    31.4    31.7    30.7    30.3    29.5    30.8    31.5    30.9    28.8    30.6
 2000    28.5    28.4    29.3    29.8    31.2    31.2    31.4    31.5    31.2    31.4    30.1    28.9    30.1    31.4    30.9    29.0    30.2
 2001    29.3    28.8    30.0    30.8    31.8    32.0    31.6    31.4    31.7    30.7    30.8    29.4    30.9    31.7    31.1    29.3    30.7
 2002    29.3    29.2    29.9    30.4    30.9    31.4    31.4    32.0    32.0    31.1    30.6    29.3    30.4    31.6    31.2    29.3    30.6
 2003    29.6    29.1    30.4    30.9    31.5    31.0    30.6    31.4    31.6    31.1    30.1    29.3    30.9    31.0    30.9    29.2    30.6
 2004    29.0    29.2    29.4    30.8    31.3    31.5    30.8    31.4    31.2    31.4    30.4    29.9    30.5    31.2    31.0    29.7    30.5
 2005    29.6    29.6    30.7    31.8    32.4    31.8    31.4    32.0    32.3    31.7    30.3    29.8    31.6    31.7    31.4    29.5    31.1
 2006    29.3    29.3    30.1    31.1    32.2    31.8    31.6    31.9    32.1    31.7    30.7    30.2    31.1    31.8    31.5    29.7    31.0
 2007    29.6    29.3    30.8    31.4    32.3    31.6    31.5    31.3    31.3    31.2    30.6    29.5    31.5    31.5    31.0    29.2    30.9
 2008    29.2    29.0    29.4    30.3    31.5    31.9    31.4    31.9    31.7    31.1    30.9    29.7    30.4    31.7    31.2    29.5    30.7
 2009    29.6    29.1    29.7    30.6    31.8    31.8    31.9    32.1    32.3    31.8    31.4    30.5    30.7    31.9    31.8    30.2    31.0
 2010    29.8    30.4    31.6    31.9    32.7    32.5    31.7    31.9    31.7    31.7    31.1    29.7    32.1    32.0    31.5    29.7    31.4
 2011    29.7    29.8    29.8    30.7    32.3    32.2    31.6    32.0    32.1    31.6    30.7    29.9    30.9    31.9    31.5    29.6    31.0
 2012    29.6    29.4    30.0    30.9    31.3    31.5    31.6    31.8    32.0    31.9    31.6    30.3    30.7    31.6    31.8    29.9    31.0
 2013    29.7    29.8    30.6    30.9    31.9    31.7    31.7    31.8    32.2    31.6    30.8    30.0    31.1    31.7    31.5    29.7    31.1
 2014    29.5    29.5    30.2    31.1    31.7    32.1    31.8    31.8    31.8    31.5    30.9    29.9    31.0    31.9    31.4    29.9    31.0
 2015    29.8    29.9    30.1    31.0    31.9    32.1    31.7    32.2    32.5    32.2    31.1    30.4    31.0    32.0    31.9    30.2    31.2
 2016    30.2    29.9    30.5    31.7    32.0    31.8    31.9    32.2    31.9    31.9    30.9    30.3    31.4    32.0    31.6  -999.0    31.3
