Climatic Research Unit Country File created on Tue 19 Sep 2017 17:57:34 BST, from CRU TS run #1709081022
Country = Ascension            : parameter = Maximum Temperature            : Units = degrees Celsius     
Period = 1901.2016 : missing value = -999.0 : format = (i5,17f8.1)
 YEAR     JAN     FEB     MAR     APR     MAY     JUN     JUL     AUG     SEP     OCT     NOV     DEC     MAM     JJA     SON     DJF     ANN
 1901    27.6    28.7    29.5    29.4    28.5    27.1    26.5    25.7    25.6    26.0    26.4    27.0    29.1    26.4    26.0    27.8    27.3
 1902    27.6    28.7    29.5    29.4    28.5    27.1    26.5    25.7    25.6    26.0    26.4    27.0    29.1    26.4    26.0    27.8    27.3
 1903    27.6    28.7    29.5    29.4    28.5    27.1    26.5    25.7    25.6    26.0    26.4    27.0    29.1    26.4    26.0    27.8    27.3
 1904    27.6    28.7    29.5    29.4    28.5    27.1    26.5    25.7    25.6    26.0    26.4    27.0    29.1    26.4    26.0    27.8    27.3
 1905    27.6    28.7    29.5    29.4    28.5    27.1    26.5    25.7    25.6    26.0    26.4    27.0    29.1    26.4    26.0    27.8    27.3
 1906    27.6    28.7    29.5    29.4    28.5    27.1    26.5    25.7    25.6    26.0    26.4    27.0    29.1    26.4    26.0    27.8    27.3
 1907    27.6    28.7    29.5    29.4    28.5    27.1    26.5    25.7    25.6    26.0    26.4    27.0    29.1    26.4    26.0    27.8    27.3
 1908    27.6    28.7    29.5    29.4    28.5    27.1    26.5    25.7    25.6    26.0    26.4    27.0    29.1    26.4    26.0    27.8    27.3
 1909    27.6    28.7    29.5    29.4    28.5    27.1    26.5    25.7    25.6    26.0    26.4    27.0    29.1    26.4    26.0    27.8    27.3
 1910    27.6    28.7    29.5    29.4    28.5    27.1    26.5    25.7    25.6    26.0    26.4    27.0    29.1    26.4    26.0    27.8    27.3
 1911    27.6    28.7    29.5    29.4    28.5    27.1    26.5    25.7    25.6    26.0    26.4    27.0    29.1    26.4    26.0    27.8    27.3
 1912    27.6    28.7    29.5    29.4    28.5    27.1    26.5    25.7    25.6    26.0    26.4    27.0    29.1    26.4    26.0    27.8    27.3
 1913    27.6    28.7    29.5    29.4    28.5    27.1    26.5    25.7    25.6    26.0    26.4    27.0    29.1    26.4    26.0    27.8    27.3
 1914    27.6    28.7    29.5    29.4    28.5    27.1    26.5    25.7    25.6    26.0    26.4    27.0    29.1    26.4    26.0    27.8    27.3
 1915    27.6    28.7    29.5    29.4    28.5    27.1    26.5    25.7    25.6    26.0    26.4    27.0    29.1    26.4    26.0    27.8    27.3
 1916    27.6    28.7    29.5    29.4    28.5    27.1    26.5    25.7    25.6    26.0    26.4    27.0    29.1    26.4    26.0    27.8    27.3
 1917    27.6    28.7    29.5    29.4    28.5    27.1    26.5    25.7    25.6    26.0    26.4    27.0    29.1    26.4    26.0    27.8    27.3
 1918    27.6    28.7    29.5    29.4    28.5    27.1    26.5    25.7    25.6    26.0    26.4    27.0    29.1    26.4    26.0    27.8    27.3
 1919    27.6    28.7    29.5    29.4    28.5    27.1    26.5    25.7    25.6    26.0    26.4    27.0    29.1    26.4    26.0    27.8    27.3
 1920    27.6    28.7    29.5    29.4    28.5    27.1    26.5    25.7    25.6    26.0    26.4    27.0    29.1    26.4    26.0    27.8    27.3
 1921    27.6    28.7    29.5    29.4    28.5    27.1    26.5    25.7    25.6    26.0    26.4    27.0    29.1    26.4    26.0    27.8    27.3
 1922    27.6    28.7    29.5    29.4    28.5    27.1    26.5    25.7    25.6    26.0    26.4    27.0    29.1    26.4    26.0    27.8    27.3
 1923    27.6    28.7    29.1    28.7    28.5    27.6    26.6    26.6    25.6    27.3    26.4    29.2    28.8    26.9    26.4    29.3    27.7
 1924    29.0    29.6    30.1    29.6    29.0    28.0    26.9    26.2    25.9    26.6    26.8    27.3    29.6    27.0    26.4    27.8    27.9
 1925    27.5    28.5    29.7    29.4    28.8    27.9    27.1    26.6    27.0    27.1    26.4    27.9    29.3    27.2    26.8    28.5    27.8
 1926    28.1    29.4    29.9    30.0    28.5    27.7    26.8    26.5    26.2    26.8    26.8    27.5    29.5    27.0    26.6    28.1    27.8
 1927    28.0    28.7    29.4    29.0    28.8    27.5    26.8    26.3    26.1    26.6    27.1    27.6    29.1    26.9    26.6    28.1    27.7
 1928    27.9    28.9    29.6    29.5    28.4    27.3    26.6    26.0    25.9    26.1    26.4    27.2    29.2    26.6    26.1    28.0    27.5
 1929    28.0    28.9    29.9    30.0    29.0    27.7    26.7    26.1    25.5    26.2    26.4    27.2    29.6    26.8    26.0    27.8    27.6
 1930    27.6    28.7    29.5    29.4    28.5    27.1    26.5    25.7    25.6    26.0    26.4    27.0    29.1    26.4    26.0    28.0    27.3
 1931    27.7    29.2    29.8    29.6    29.0    27.5    26.6    25.7    25.9    26.0    26.3    27.2    29.5    26.6    26.1    27.8    27.5
 1932    27.9    28.4    28.8    29.6    28.6    27.5    26.3    26.0    25.5    25.6    26.6    26.9    29.0    26.6    25.9    27.8    27.3
 1933    27.8    28.6    29.7    29.8    28.9    27.8    27.0    26.6    26.2    26.7    26.5    27.3    29.5    27.1    26.5    27.9    27.7
 1934    27.7    28.8    29.4    29.6    28.5    27.6    27.6    27.2    27.5    27.7    27.8    28.3    29.2    27.5    27.7    28.7    28.1
 1935    28.4    29.5    30.1    29.8    29.3    28.4    26.8    26.7    26.3    26.9    27.2    27.7    29.7    27.3    26.8    28.1    28.1
 1936    28.1    28.6    29.1    29.4    28.8    27.8    27.4    26.2    26.1    26.5    27.0    27.7    29.1    27.1    26.5    28.2    27.7
 1937    28.1    28.7    29.6    29.7    29.0    27.7    27.3    26.3    27.1    27.5    27.3    27.9    29.4    27.1    27.3    28.2    28.0
 1938    28.0    28.7    28.8    29.1    28.9    28.3    28.1    26.7    27.0    27.3    27.9    28.3    28.9    27.7    27.4    28.3    28.1
 1939    28.2    28.4    28.9    29.1    28.6    28.0    27.1    26.8    26.9    27.3    27.4    27.8    28.9    27.3    27.2    27.9    27.9
 1940    27.7    28.1    28.5    28.7    28.4    28.1    27.1    26.9    27.2    26.0    27.8    28.4    28.5    27.4    27.0    28.6    27.7
 1941    28.5    28.9    29.1    28.6    28.4    27.8    27.0    26.9    25.9    26.3    26.9    27.4    28.7    27.2    26.4    27.7    27.6
 1942    27.4    28.4    29.2    28.7    28.1    27.1    26.3    25.9    26.2    26.6    27.1    27.3    28.7    26.4    26.6    27.3    27.4
 1943    27.2    27.3    27.6    27.5    27.2    27.1    27.0    26.1    26.3    26.8    26.7    27.1    27.4    26.7    26.6    27.4    27.0
 1944    27.5    27.6    28.2    28.5    28.0    27.9    27.3    26.7    26.6    27.2    27.2    27.8    28.2    27.3    27.0    27.7    27.5
 1945    27.6    27.6    28.4    28.1    27.6    26.7    27.2    26.6    26.7    27.3    27.7    27.7    28.0    26.8    27.2    27.9    27.4
 1946    27.5    28.4    28.7    28.8    28.4    27.6    27.1    26.9    26.0    26.2    26.8    27.2    28.6    27.2    26.3    28.2    27.5
 1947    28.2    29.1    30.2    29.6    28.9    27.5    26.7    26.5    26.3    27.0    27.6    27.9    29.6    26.9    27.0    28.4    28.0
 1948    28.1    29.2    30.5    29.9    29.3    27.7    26.9    26.2    25.9    26.2    26.7    27.3    29.9    26.9    26.3    28.2    27.8
 1949    28.1    29.2    30.1    30.3    29.5    27.9    27.4    26.6    26.8    27.1    27.4    27.8    30.0    27.3    27.1    28.4    28.2
 1950    28.3    29.2    30.1    29.8    29.3    27.6    26.8    26.2    26.2    26.7    26.9    27.3    29.7    26.9    26.6    27.8    27.9
 1951    27.6    28.4    29.5    29.5    28.8    27.3    26.8    26.1    26.1    26.2    26.9    28.1    29.3    26.7    26.4    28.5    27.6
 1952    28.3    29.0    30.2    29.8    29.0    27.3    26.4    25.8    26.0    26.2    27.4    27.9    29.7    26.5    26.5    28.2    27.8
 1953    28.1    28.6    29.9    29.8    28.8    27.6    26.6    25.9    26.2    26.6    27.1    27.7    29.5    26.7    26.6    28.1    27.7
 1954    27.9    28.7    29.4    29.3    28.8    27.4    26.7    26.0    25.4    26.3    26.9    27.4    29.2    26.7    26.2    28.0    27.5
 1955    27.6    28.9    29.7    29.7    29.0    27.8    27.0    26.0    26.0    26.4    27.3    27.4    29.5    26.9    26.6    27.9    27.7
 1956    27.6    28.6    29.2    29.3    28.9    27.6    26.9    26.4    26.4    26.5    27.3    27.6    29.1    27.0    26.7    28.3    27.7
 1957    28.0    29.2    29.7    30.0    29.2    28.1    27.3    26.5    26.4    26.4    27.2    27.8    29.6    27.3    26.7    28.2    28.0
 1958    27.9    28.9    29.8    29.7    29.2    28.6    26.8    25.9    25.3    25.9    26.7    27.0    29.6    27.1    26.0    27.7    27.6
 1959    28.0    28.1    29.1    29.2    28.5    27.3    26.9    26.2    25.9    26.4    26.6    27.2    28.9    26.8    26.3    27.8    27.4
 1960    27.7    28.5    29.9    29.6    28.6    27.2    27.1    26.0    26.3    26.1    27.1    27.4    29.4    26.8    26.5    28.4    27.6
 1961    28.5    29.3    30.1    29.6    29.0    27.5    26.8    26.1    25.8    26.2    27.2    27.7    29.6    26.8    26.4    28.2    27.8
 1962    27.9    28.9    29.5    29.6    28.8    27.4    26.8    26.3    26.1    26.8    27.1    27.8    29.3    26.8    26.7    28.4    27.8
 1963    28.2    29.3    30.0    30.3    29.0    27.6    26.8    25.9    26.9    27.2    28.1    28.9    29.8    26.8    27.4    29.4    28.2
 1964    29.4    29.9    30.6    30.2    29.1    27.7    27.1    26.4    26.1    26.8    26.8    27.2    30.0    27.1    26.6    27.9    28.1
 1965    27.9    28.7    29.9    29.8    29.2    26.8    26.8    26.4    25.5    26.3    26.6    27.4    29.6    26.7    26.1    28.0    27.6
 1966    27.7    28.9    29.7    29.7    29.0    28.0    27.4    26.5    26.7    26.6    27.2    28.2    29.5    27.3    26.8    28.8    28.0
 1967    28.5    29.6    30.0    29.9    28.9    26.8    26.5    25.5    25.7    25.8    26.5    27.6    29.6    26.3    26.0    28.5    27.6
 1968    28.5    29.3    29.5    29.4    28.8    27.5    27.2    26.5    26.4    26.8    27.1    27.2    29.2    27.1    26.8    27.7    27.9
 1969    26.9    28.9    29.2    29.3    28.2    26.5    25.7    24.7    24.5    25.0    25.9    26.2    28.9    25.6    25.1    26.6    26.8
 1970    26.3    27.3    28.0    28.0    27.8    26.4    26.6    25.2    25.1    25.2    26.4    24.9    27.9    26.1    25.6    26.9    26.4
 1971    27.2    28.5    30.1    30.1    28.3    27.7    27.0    26.2    26.7    26.1    26.4    27.0    29.5    27.0    26.4    28.1    27.6
 1972    28.3    28.9    29.9    28.9    29.0    27.8    27.2    26.7    26.7    26.6    27.1    28.0    29.3    27.2    26.8    28.8    27.9
 1973    28.9    29.5    30.5    30.3    28.5    27.1    26.5    25.7    25.6    26.0    26.4    27.0    29.8    26.4    26.0    28.1    27.7
 1974    27.6    29.6    30.1    29.9    28.9    27.5    26.5    25.7    25.6    26.0    26.4    27.0    29.6    26.6    26.0    27.8    27.6
 1975    27.6    28.7    30.0    30.2    28.5    26.1    26.2    25.6    25.1    25.5    25.7    25.8    29.6    26.0    25.4    26.7    27.1
 1976    26.6    27.6    28.5    28.3    27.5    26.3    25.6    25.1    25.2    25.8    25.5    26.2    28.1    25.7    25.5    27.1    26.5
 1977    27.0    28.2    28.7    28.6    28.2    26.8    26.0    25.3    24.3    25.3    25.8    26.5    28.5    26.0    25.1    27.2    26.7
 1978    27.0    28.0    29.0    28.8    27.8    26.8    26.2    25.2    24.8    25.2    25.6    26.1    28.5    26.1    25.2    26.8    26.7
 1979    26.5    27.8    28.8    28.9    28.2    27.0    26.5    25.6    25.7    26.0    26.4    27.3    28.6    26.4    26.0    27.5    27.1
 1980    27.3    27.9    28.7    28.8    28.0    26.8    26.4    25.5    25.3    25.7    26.0    25.9    28.5    26.2    25.7    26.7    26.9
 1981    26.5    27.6    28.5    28.5    27.9    26.6    25.7    25.2    25.2    25.8    26.2    26.6    28.3    25.8    25.7    27.6    26.7
 1982    27.6    28.7    29.5    29.4    28.5    27.1    26.5    25.7    25.6    26.0    26.4    27.0    29.1    26.4    26.0    27.8    27.3
 1983    27.6    28.7    29.5    29.4    28.5    27.1    26.5    25.7    25.6    26.0    26.4    27.0    29.1    26.4    26.0    27.8    27.3
 1984    27.6    28.7    29.5    29.1    28.0    26.6    26.0    25.2    25.5    25.9    26.4    27.0    28.9    25.9    25.9    27.6    27.1
 1985    27.5    28.4    29.2    28.6    28.1    26.9    26.1    25.1    25.0    25.5    26.1    26.7    28.6    26.0    25.5    27.5    26.9
 1986    27.2    28.5    29.0    28.9    28.1    26.8    26.3    25.6    25.2    26.1    26.1    26.8    28.7    26.2    25.8    27.4    27.1
 1987    27.2    28.2    29.2    29.2    28.2    26.7    25.9    25.1    24.8    25.3    25.9    26.8    28.9    25.9    25.3    28.1    26.9
 1988    28.2    29.3    30.2    29.9    28.9    27.3    27.0    26.1    26.0    26.5    26.5    27.6    29.7    26.8    26.3    28.4    27.8
 1989    28.3    29.2    29.9    29.8    28.8    27.8    27.2    26.1    26.0    26.2    26.4    27.0    29.5    27.0    26.2    27.7    27.7
 1990    27.5    28.6    29.8    29.7    28.7    27.5    26.8    26.1    25.9    25.7    26.3    27.2    29.4    26.8    26.0    28.0    27.5
 1991    27.9    28.8    29.7    29.7    29.0    27.3    26.2    25.5    25.6    26.0    26.1    27.2    29.5    26.3    25.9    27.9    27.4
 1992    27.6    28.8    29.3    29.2    28.3    26.7    26.0    24.7    24.4    25.2    25.5    27.0    28.9    25.8    25.0    27.5    26.9
 1993    27.3    28.3    29.5    29.6    29.0    27.7    26.8    26.2    26.4    26.8    27.4    27.9    29.4    26.9    26.9    28.4    27.7
 1994    28.2    29.1    29.9    29.8    28.9    27.6    26.6    25.5    25.4    26.0    26.1    27.0    29.5    26.6    25.8    27.8    27.5
 1995    27.6    28.9    29.9    30.0    28.5    27.5    26.5    26.1    25.9    26.5    26.9    27.6    29.5    26.7    26.4    28.1    27.7
 1996    27.9    28.7    30.3    29.8    29.2    27.9    27.2    26.6    25.9    26.2    26.7    27.6    29.8    27.2    26.3    27.8    27.8
 1997    27.7    28.1    28.9    28.8    28.0    26.9    26.3    25.2    25.7    26.9    27.5    28.4    28.6    26.1    26.7    28.9    27.4
 1998    28.9    29.4    30.3    30.2    29.3    27.8    26.9    26.0    26.3    26.2    26.4    27.0    29.9    26.9    26.3    27.8    27.9
 1999    27.6    28.9    29.8    30.0    28.9    27.9    27.1    26.5    26.1    26.8    27.3    28.0    29.6    27.2    26.7    28.3    27.9
 2000    28.3    28.7    29.8    29.9    29.4    27.8    27.1    26.2    26.0    26.2    27.0    27.4    29.7    27.0    26.4    28.0    27.8
 2001    27.8    28.8    29.0    29.6    29.1    27.7    26.9    25.8    25.9    26.8    27.4    28.1    29.2    26.8    26.7    28.5    27.7
 2002    28.4    29.1    29.9    29.9    29.3    27.5    27.2    25.7    26.1    26.0    26.4    27.5    29.7    26.8    26.2    28.3    27.8
 2003    28.2    29.3    30.1    29.9    28.5    27.7    27.0    26.1    26.1    26.6    26.8    27.9    29.5    26.9    26.5    28.4    27.8
 2004    28.2    29.1    29.7    29.4    28.6    27.8    26.8    25.5    25.7    25.9    26.5    27.4    29.2    26.7    26.0    28.4    27.6
 2005    28.3    29.5    30.3    30.2    28.8    27.6    26.8    25.6    25.4    25.4    26.5    27.3    29.8    26.7    25.8    27.8    27.6
 2006    27.4    28.8    29.9    29.8    29.0    27.0    27.1    26.3    26.1    26.1    26.6    27.7    29.6    26.8    26.3    28.4    27.7
 2007    28.2    29.3    29.9    29.8    28.8    27.1    26.6    25.5    25.6    26.0    26.5    27.7    29.5    26.4    26.0    28.4    27.6
 2008    28.3    29.1    29.7    30.2    29.4    27.4    26.7    26.4    25.8    26.5    26.9    27.7    29.8    26.8    26.4    28.4    27.8
 2009    28.4    29.2    29.8    29.6    28.7    27.9    27.2    25.8    26.0    26.6    26.9    27.9    29.4    27.0    26.5    28.9    27.8
 2010    28.8    30.0    30.6    30.6    29.6    28.4    27.1    25.7    25.5    26.6    27.0    27.8    30.3    27.1    26.4    28.5    28.1
 2011    28.3    29.5    30.4    29.9    29.1    27.5    27.3    26.0    25.9    26.0    26.4    27.0    29.8    26.9    26.1    27.7    27.8
 2012    27.7    28.4    29.3    29.3    28.7    27.4    26.6    25.2    25.3    25.7    26.4    27.0    29.1    26.4    25.8    27.8    27.3
 2013    27.6    28.7    29.5    29.4    28.5    27.1    26.5    25.6    25.6    26.0    26.4    27.5    29.1    26.4    26.0    28.0    27.4
 2014    27.3    29.3    30.0    29.6    28.4    27.8    26.8    26.2    26.2    25.9    26.0    27.2    29.3    26.9    26.0    28.1    27.6
 2015    28.2    29.0    29.7    29.6    28.9    27.3    26.3    25.4    25.5    25.8    26.4    27.8    29.4    26.3    25.9    28.5    27.5
 2016    28.2    29.6    30.5    30.2    29.3    28.0    27.0    26.2    25.7    26.7    26.9    27.9    30.0    27.1    26.4  -999.0    28.0
