Climatic Research Unit Country File created on Tue 19 Sep 2017 17:57:34 BST, from CRU TS run #1709081022
Country = Tubuai_Isl           : parameter = Mean Temperature               : Units = degrees Celsius     
Period = 1901.2016 : missing value = -999.0 : format = (i5,17f8.1)
 YEAR     JAN     FEB     MAR     APR     MAY     JUN     JUL     AUG     SEP     OCT     NOV     DEC     MAM     JJA     SON     DJF     ANN
 1901    23.8    25.1    24.6    24.3    22.6    22.0    21.5    21.2    22.0    22.3    23.4    22.9    23.8    21.6    22.6    24.5    23.0
 1902    25.3    25.4    25.5    24.6    22.1    21.5    20.7    20.6    21.1    21.8    23.7    25.4    24.1    20.9    22.2    26.4    23.1
 1903    26.8    26.9    26.3    25.7    23.8    22.6    21.8    21.3    21.5    22.1    23.2    23.9    25.3    21.9    22.3    24.6    23.8
 1904    24.7    25.2    25.1    24.2    22.5    21.3    20.4    19.8    19.7    20.9    22.4    23.1    23.9    20.5    21.0    24.5    22.4
 1905    24.9    25.4    24.9    24.2    22.2    21.4    20.9    20.5    21.7    22.0    23.3    24.2    23.7    20.9    22.3    25.2    22.9
 1906    25.3    26.1    26.3    25.1    22.2    21.2    20.3    20.5    21.2    21.3    22.4    23.5    24.5    20.7    21.7    24.6    23.0
 1907    24.8    25.4    24.9    24.1    22.2    21.2    20.8    19.7    21.4    22.0    22.9    23.6    23.7    20.6    22.1    24.4    22.7
 1908    24.6    24.9    24.8    24.6    22.1    20.7    20.5    21.9    20.5    22.2    22.1    24.0    23.8    21.0    21.6    24.7    22.7
 1909    24.9    25.1    24.9    23.8    22.0    21.5    20.4    20.7    20.2    22.0    23.3    24.0    23.6    20.9    21.8    24.5    22.7
 1910    24.5    24.9    24.8    24.3    22.1    20.3    21.3    20.2    21.5    21.7    22.0    24.5    23.7    20.6    21.7    24.9    22.7
 1911    25.1    25.2    25.1    23.5    22.4    20.9    20.2    20.4    19.8    20.9    22.6    24.9    23.7    20.5    21.1    25.2    22.6
 1912    25.3    25.4    24.7    23.5    22.2    20.3    20.1    20.6    21.0    21.4    22.4    23.3    23.5    20.3    21.6    24.2    22.5
 1913    24.4    24.9    25.4    23.9    22.1    20.7    19.8    19.8    19.7    20.6    22.8    23.8    23.8    20.1    21.0    24.3    22.3
 1914    23.8    25.4    25.4    24.2    22.2    20.7    18.8    19.1    19.8    20.7    22.6    24.3    23.9    19.5    21.0    25.0    22.2
 1915    25.1    25.7    25.7    23.3    21.5    21.1    19.2    19.8    20.6    20.9    21.8    23.8    23.5    20.0    21.1    24.6    22.4
 1916    24.4    25.5    24.6    24.1    22.8    21.3    20.6    21.4    20.9    21.8    22.4    23.3    23.8    21.1    21.7    24.4    22.8
 1917    25.1    24.9    24.5    24.0    22.6    21.3    21.7    20.4    20.0    20.9    22.9    24.3    23.7    21.1    21.3    24.7    22.7
 1918    24.2    25.5    23.6    23.3    21.7    21.4    19.0    20.6    19.5    20.8    21.4    23.2    22.8    20.3    20.6    24.3    22.0
 1919    24.5    25.3    25.4    24.7    22.0    19.8    18.9    19.9    20.8    21.6    22.8    23.3    24.0    19.6    21.7    24.6    22.4
 1920    25.0    25.5    25.4    24.5    22.9    20.1    20.5    20.5    20.7    21.0    22.1    24.1    24.2    20.3    21.3    25.0    22.7
 1921    25.2    25.8    25.9    23.0    22.9    20.2    20.9    20.4    21.1    22.1    23.5    24.3    23.9    20.5    22.2    24.9    22.9
 1922    24.9    25.4    25.2    24.7    22.6    21.5    20.3    20.7    20.9    21.7    22.7    24.3    24.2    20.8    21.8    25.2    22.9
 1923    25.3    25.9    25.1    24.0    22.6    20.7    20.5    19.8    19.7    21.2    21.3    23.0    23.9    20.3    20.7    24.5    22.4
 1924    25.1    25.4    24.7    23.3    22.8    20.9    21.0    21.0    21.5    21.9    23.4    24.4    23.6    21.0    22.2    24.6    22.9
 1925    24.8    24.5    25.2    24.7    22.2    20.7    20.1    20.7    20.4    20.9    21.8    23.4    24.0    20.5    21.0    24.3    22.4
 1926    24.0    25.4    24.6    23.2    22.7    20.5    20.2    20.2    20.7    21.6    23.2    24.3    23.5    20.3    21.8    25.0    22.5
 1927    25.3    25.3    25.8    24.8    23.7    22.1    20.7    20.6    20.6    22.2    22.6    23.9    24.8    21.1    21.8    24.4    23.1
 1928    24.9    24.4    25.2    23.9    22.2    19.9    19.8    20.6    20.9    21.7    23.2    24.5    23.8    20.1    21.9    25.1    22.6
 1929    24.9    25.9    25.2    24.3    22.9    20.5    19.8    19.6    19.8    21.7    22.1    23.5    24.1    20.0    21.2    24.5    22.5
 1930    24.9    25.1    25.2    23.8    22.2    19.8    19.8    19.0    20.0    21.3    22.9    24.6    23.8    19.5    21.4    24.6    22.4
 1931    24.3    24.9    24.6    23.8    22.7    20.7    20.0    19.9    20.8    21.0    21.3    23.0    23.7    20.2    21.0    24.3    22.3
 1932    24.7    25.4    24.7    23.6    21.7    20.7    21.0    20.1    19.9    21.0    21.9    24.0    23.4    20.6    20.9    24.4    22.4
 1933    24.4    24.7    24.2    23.9    23.0    21.1    19.8    19.8    20.6    21.9    22.6    23.6    23.7    20.3    21.7    24.7    22.5
 1934    25.0    25.5    25.4    24.5    22.9    21.4    20.6    19.8    20.1    21.7    22.7    23.4    24.2    20.6    21.5    24.4    22.7
 1935    24.7    25.1    25.0    24.3    22.7    21.7    21.4    21.0    21.1    22.3    23.5    23.6    24.0    21.4    22.3    24.6    23.0
 1936    24.9    25.4    25.1    24.2    22.7    21.7    21.0    20.6    21.0    21.3    22.6    23.7    24.0    21.1    21.6    24.7    22.9
 1937    24.9    25.6    25.2    24.4    22.6    21.6    21.6    21.2    21.5    22.4    23.3    24.4    24.0    21.5    22.4    25.1    23.2
 1938    25.4    25.6    25.3    24.3    22.8    21.8    21.7    21.2    21.6    22.7    22.9    24.2    24.1    21.5    22.4    25.0    23.3
 1939    25.5    25.4    25.5    24.6    23.0    21.7    21.6    21.4    21.2    21.6    23.4    24.2    24.3    21.6    22.1    25.3    23.2
 1940    25.6    25.9    26.2    25.4    23.5    22.2    20.8    21.1    21.1    21.9    23.7    24.4    25.0    21.4    22.2    25.3    23.5
 1941    25.3    26.1    26.1    24.9    23.4    21.7    20.9    21.0    21.4    22.1    23.5    24.4    24.8    21.2    22.3    25.6    23.4
 1942    25.9    26.6    26.3    25.0    23.2    22.2    21.0    20.7    21.4    22.2    23.4    24.2    24.8    21.3    22.3    25.1    23.5
 1943    25.3    25.8    25.7    24.5    23.3    21.6    21.2    21.3    21.2    22.4    23.5    23.9    24.5    21.4    22.4    24.6    23.3
 1944    24.7    25.3    25.5    24.6    23.4    22.2    20.8    20.6    21.5    21.3    22.9    24.1    24.5    21.2    21.9    25.1    23.1
 1945    25.4    25.9    26.1    24.7    23.2    22.3    21.7    21.4    21.3    21.6    23.9    24.5    24.7    21.8    22.2    25.2    23.5
 1946    25.2    25.8    25.7    24.8    22.7    21.9    21.0    21.5    20.8    21.9    23.3    24.4    24.4    21.4    22.0    25.3    23.2
 1947    25.7    25.8    26.2    25.2    23.5    22.4    21.5    21.1    21.6    21.7    23.3    24.5    25.0    21.7    22.2    25.1    23.5
 1948    25.3    25.7    25.5    24.5    22.9    21.9    20.8    19.5    20.5    21.3    22.4    23.5    24.3    20.7    21.4    24.4    22.8
 1949    24.7    25.0    25.1    24.8    22.6    21.8    21.0    20.2    20.8    21.8    22.2    23.4    24.2    21.0    21.6    24.2    22.8
 1950    24.4    24.7    24.6    24.0    21.7    21.3    21.0    20.6    20.6    21.5    22.6    23.4    23.4    21.0    21.6    24.3    22.5
 1951    24.5    25.1    25.2    24.4    22.9    20.9    20.3    20.4    20.5    21.3    23.1    24.8    24.2    20.5    21.6    24.7    22.8
 1952    24.7    24.8    24.9    24.3    23.0    22.0    20.0    20.6    20.9    21.7    23.0    23.9    24.1    20.9    21.8    24.8    22.8
 1953    24.8    25.8    25.4    24.2    22.2    20.5    20.0    19.9    20.5    21.8    23.0    23.9    24.0    20.1    21.8    24.8    22.7
 1954    25.1    25.6    24.7    23.4    22.0    21.0    20.9    20.8    20.9    22.3    22.6    24.5    23.4    20.9    21.9    25.0    22.8
 1955    25.1    25.4    24.1    24.2    22.1    21.5    21.0    20.2    20.5    21.9    22.3    24.5    23.5    20.9    21.6    24.9    22.7
 1956    24.8    25.2    25.3    23.7    22.6    21.6    20.7    20.9    20.4    22.2    22.3    23.9    23.9    21.1    21.6    24.6    22.8
 1957    24.7    25.3    25.2    24.5    22.4    21.5    21.0    20.2    20.5    21.6    23.5    24.4    24.1    20.9    21.9    24.6    22.9
 1958    24.7    24.7    24.9    24.2    22.2    21.4    21.2    20.2    21.0    21.2    22.7    23.0    23.8    20.9    21.6    24.2    22.6
 1959    24.6    24.9    25.3    24.3    23.2    21.7    20.6    20.1    20.5    21.4    22.4    24.9    24.3    20.8    21.4    25.1    22.8
 1960    25.3    25.1    25.3    24.8    22.7    20.7    20.3    20.7    21.1    21.2    22.9    24.2    24.3    20.5    21.8    24.9    22.9
 1961    24.7    25.8    25.2    24.5    22.4    20.9    20.8    20.0    20.6    21.4    22.7    23.7    24.0    20.6    21.6    24.4    22.7
 1962    24.7    24.9    24.7    23.4    22.6    20.9    20.5    19.8    21.2    21.1    22.6    23.2    23.6    20.4    21.6    24.6    22.5
 1963    24.8    25.7    24.9    24.5    22.5    21.0    19.9    20.1    20.2    21.3    22.8    23.4    23.9    20.4    21.4    24.7    22.6
 1964    25.1    25.7    25.1    24.5    22.2    21.2    21.1    20.6    20.9    22.0    22.4    23.4    23.9    21.0    21.7    24.1    22.8
 1965    24.2    24.8    24.7    24.1    22.6    20.7    20.3    19.8    20.4    21.8    22.4    23.3    23.8    20.3    21.6    23.7    22.4
 1966    23.8    24.1    24.6    23.8    22.7    20.8    20.2    20.8    20.8    21.5    22.6    23.2    23.7    20.6    21.7    24.5    22.4
 1967    24.9    25.4    25.7    24.8    22.5    22.3    20.9    19.9    20.8    20.8    22.6    23.1    24.4    21.0    21.4    24.2    22.8
 1968    24.5    25.0    24.5    23.9    22.5    20.6    21.1    20.9    20.7    21.6    22.6    24.3    23.7    20.9    21.6    24.9    22.7
 1969    25.1    25.1    25.7    24.6    22.4    21.8    20.8    20.5    20.5    21.0    22.9    24.5    24.3    21.0    21.4    25.2    22.9
 1970    25.7    25.3    24.8    24.2    22.6    22.0    20.6    21.3    22.1    22.7    23.5    24.7    23.9    21.3    22.8    24.9    23.3
 1971    24.9    25.2    25.0    24.8    23.3    21.3    21.0    20.6    21.1    22.1    22.9    23.6    24.4    20.9    22.0    24.9    23.0
 1972    25.1    26.0    25.1    25.0    23.4    21.4    20.7    20.5    19.9    20.9    21.8    24.4    24.5    20.8    20.9    25.2    22.8
 1973    25.3    25.9    25.8    24.8    23.1    21.4    20.5    20.7    21.6    21.9    23.5    25.1    24.6    20.8    22.3    25.6    23.3
 1974    26.0    25.8    25.1    24.6    23.1    21.8    21.1    20.5    20.5    21.3    22.8    23.6    24.3    21.1    21.5    24.4    23.0
 1975    24.6    24.9    25.1    24.4    22.3    21.4    21.1    20.4    21.2    21.7    23.1    24.2    23.9    21.0    22.0    24.7    22.9
 1976    24.8    25.1    25.4    24.4    23.2    21.6    20.1    19.4    20.0    21.2    23.1    24.3    24.4    20.3    21.4    25.0    22.7
 1977    24.6    26.2    26.6    24.2    22.8    21.0    19.9    19.9    20.4    21.1    22.3    23.3    24.5    20.3    21.3    24.5    22.7
 1978    24.7    25.5    25.4    24.7    23.0    21.8    20.4    20.4    21.0    21.0    22.1    23.5    24.4    20.9    21.4    24.5    22.8
 1979    24.4    25.5    25.1    24.2    22.5    21.5    20.4    20.1    20.8    21.3    21.8    22.8    23.9    20.7    21.3    24.3    22.5
 1980    25.2    25.1    25.7    24.0    23.1    21.2    21.2    20.9    20.6    21.6    22.8    24.1    24.3    21.1    21.7    25.1    23.0
 1981    25.3    26.0    24.8    24.5    21.9    21.3    21.4    20.2    21.2    21.8    23.2    24.1    23.8    21.0    22.1    25.2    23.0
 1982    25.9    25.7    25.7    24.5    22.6    21.0    19.8    20.1    19.8    20.7    21.7    23.1    24.3    20.3    20.7    24.6    22.5
 1983    24.4    26.3    25.0    23.8    23.1    20.6    21.0    20.3    21.2    22.2    22.9    23.7    24.0    20.6    22.1    24.6    22.9
 1984    24.6    25.6    25.5    24.8    22.5    20.6    20.4    20.2    20.4    21.7    22.9    23.7    24.3    20.4    21.7    25.1    22.7
 1985    25.2    26.3    26.1    24.6    23.5    20.9    20.1    20.6    20.7    21.1    23.4    24.6    24.7    20.5    21.7    25.1    23.1
 1986    25.4    25.4    25.1    24.5    22.6    21.5    21.7    20.9    20.9    21.6    23.3    23.3    24.1    21.4    22.0    24.9    23.0
 1987    25.1    26.3    25.5    24.2    23.1    21.1    19.7    19.6    20.7    21.1    22.8    23.4    24.3    20.1    21.5    24.7    22.7
 1988    25.2    25.6    25.8    24.9    23.2    21.9    20.8    21.4    21.8    23.0    23.6    25.1    24.6    21.4    22.8    25.4    23.5
 1989    25.4    25.8    26.0    25.8    23.8    21.9    21.6    21.6    21.6    22.3    22.7    24.1    25.2    21.7    22.2    25.2    23.5
 1990    25.8    25.9    25.6    24.6    23.8    22.4    21.9    21.2    21.1    22.4    22.4    24.0    24.6    21.8    22.0    25.3    23.4
 1991    25.7    26.3    25.7    24.2    22.7    21.5    20.3    20.9    20.4    21.6    23.6    23.9    24.2    20.9    21.9    24.7    23.1
 1992    25.1    25.2    25.4    24.3    23.9    21.2    21.6    21.6    22.1    22.1    22.3    23.6    24.5    21.5    22.2    24.6    23.2
 1993    25.1    25.0    26.1    24.1    21.7    21.1    20.5    21.1    21.2    21.6    23.0    24.9    24.0    20.9    21.9    25.4    22.9
 1994    25.4    26.0    26.6    24.5    22.9    21.6    20.6    20.4    20.4    21.9    22.6    23.8    24.7    20.9    21.6    24.8    23.1
 1995    24.8    25.8    25.6    23.7    23.1    21.9    21.3    21.8    21.2    22.5    23.6    23.8    24.1    21.7    22.4    24.9    23.2
 1996    25.4    25.6    25.6    24.4    23.9    22.6    21.3    21.2    20.5    22.0    23.7    24.0    24.7    21.7    22.1    25.1    23.4
 1997    25.4    26.0    25.6    24.6    22.7    20.5    20.4    19.7    20.5    21.7    22.5    23.8    24.3    20.2    21.6    24.4    22.8
 1998    25.1    24.4    24.3    23.3    22.5    21.4    21.1    21.4    21.1    22.6    23.8    24.9    23.4    21.3    22.5    25.7    23.0
 1999    25.9    26.2    26.1    24.9    23.8    22.4    22.0    21.0    20.7    21.6    23.2    25.1    24.9    21.8    21.8    25.7    23.6
 2000    25.8    26.2    26.2    24.8    23.0    21.4    21.0    21.1    21.4    22.1    24.1    24.3    24.7    21.2    22.5    25.3    23.5
 2001    25.8    25.9    26.2    24.8    22.3    22.3    21.1    20.4    20.6    21.2    23.0    23.6    24.4    21.3    21.6    25.4    23.1
 2002    25.9    26.7    26.0    24.8    22.5    21.8    21.0    20.5    21.0    22.2    23.8    24.0    24.4    21.1    22.3    24.8    23.3
 2003    25.2    25.3    25.2    24.3    22.9    21.4    21.5    21.5    21.6    21.9    23.0    24.4    24.1    21.5    22.2    25.4    23.2
 2004    25.5    26.3    25.7    25.2    23.9    21.6    20.2    20.8    21.0    21.9    22.9    25.3    24.9    20.8    22.0    25.6    23.4
 2005    26.3    25.3    25.0    23.9    21.5    21.1    21.3    20.2    21.3    23.2    23.6    24.9    23.5    20.9    22.7    25.8    23.1
 2006    26.0    26.3    26.8    25.2    23.5    22.6    21.7    20.6    21.1    21.7    22.6    24.5    25.2    21.6    21.8    25.3    23.6
 2007    25.4    25.9    25.8    24.5    23.9    22.7    20.7    21.8    21.4    22.5    23.1    23.1    24.7    21.7    22.3    24.7    23.4
 2008    25.2    25.7    26.0    24.6    23.3    22.1    21.1    21.0    21.4    22.6    23.8    24.6    24.6    21.4    22.6    25.7    23.4
 2009    25.7    26.8    26.4    25.8    22.9    22.1    21.3    20.5    21.5    21.8    22.9    24.8    25.0    21.3    22.1    25.2    23.5
 2010    25.2    25.7    25.1    24.9    23.6    22.1    22.2    21.8    22.2    22.5    23.6    25.2    24.5    22.1    22.8    25.6    23.7
 2011    25.7    26.0    25.5    25.1    23.2    22.3    21.5    21.6    22.7    22.4    24.2    25.4    24.6    21.8    23.1    25.5    23.8
 2012    24.8    26.4    25.1    23.8    23.2    21.7    21.2    20.7    21.4    21.6    24.4    24.2    24.1    21.2    22.5    24.6    23.2
 2013    24.6    25.1    25.4    24.6    23.2    22.2    20.4    20.3    21.5    22.7    22.8    25.0    24.4    20.9    22.3    25.4    23.1
 2014    25.3    25.9    25.3    24.0    23.0    21.8    21.4    20.8    21.7    22.3    23.5    24.3    24.1    21.3    22.5    25.2    23.3
 2015    25.0    26.2    25.5    24.9    23.4    22.1    21.0    20.4    20.6    21.3    23.5    24.4    24.6    21.2    21.8    24.9    23.2
 2016    24.7    25.4    25.4    24.1    22.2    21.8    21.1    21.6    22.1    22.7    23.7    25.2    23.9    21.5    22.9  -999.0    23.3
