Climatic Research Unit Country File created on Tue 19 Sep 2017 17:57:34 BST, from CRU TS run #1709081022
Country = Burundi              : parameter = Minimum Temperature            : Units = degrees Celsius     
Period = 1901.2016 : missing value = -999.0 : format = (i5,17f8.1)
 YEAR     JAN     FEB     MAR     APR     MAY     JUN     JUL     AUG     SEP     OCT     NOV     DEC     MAM     JJA     SON     DJF     ANN
 1901    14.5    13.3    14.8    14.7    14.4    12.2    11.7    12.7    13.6    13.9    14.3    14.1    14.6    12.2    13.9    14.0    13.7
 1902    13.9    13.9    14.5    14.3    15.3    14.9    12.7    14.3    14.2    14.8    14.4    13.4    14.7    14.0    14.5    14.0    14.2
 1903    14.3    14.4    14.0    13.6    14.0    13.1    10.9    14.3    13.5    13.7    14.8    14.0    13.9    12.8    14.0    13.4    13.7
 1904    13.1    13.0    13.3    14.5    13.2    13.3    12.3    14.4    14.4    12.7    13.2    13.2    13.7    13.3    13.4    14.1    13.4
 1905    14.2    14.9    13.8    13.5    15.1    13.0    12.9    13.9    15.0    14.9    14.3    13.5    14.1    13.3    14.7    14.1    14.1
 1906    13.7    15.2    13.0    13.5    13.6    11.8    10.7    12.1    13.1    15.1    16.5    14.5    13.4    11.5    14.9    13.3    13.6
 1907    12.7    12.8    13.2    14.3    13.4    11.7    11.2    11.5    12.7    14.4    14.2    13.9    13.7    11.5    13.7    14.1    13.0
 1908    14.3    14.2    13.9    14.8    13.6    12.6    12.3    14.0    13.8    14.0    14.1    13.2    14.1    13.0    13.9    12.3    13.7
 1909    12.1    11.5    13.0    13.4    13.1    10.8    11.1    11.3    12.8    13.4    12.5    12.2    13.2    11.0    12.9    12.2    12.3
 1910    12.3    12.0    12.6    13.2    11.3    11.6    10.1    11.6    11.6    12.1    12.6    14.1    12.4    11.1    12.1    13.3    12.1
 1911    12.7    13.0    13.7    13.4    14.1    12.5    10.4    13.0    12.9    13.8    14.0    13.8    13.7    12.0    13.6    13.1    13.1
 1912    12.9    12.6    12.4    12.8    12.8    11.8    10.5    11.7    12.6    13.4    13.2    12.2    12.7    11.3    13.1    12.1    12.4
 1913    11.7    12.3    11.7    12.4    12.5    10.3     9.8    11.0    13.1    13.1    12.9    12.6    12.2    10.4    13.0    12.5    11.9
 1914    12.3    12.7    13.0    12.8    12.5    11.5    10.6    12.1    12.7    13.3    13.1    13.2    12.8    11.4    13.0    13.0    12.5
 1915    12.9    13.0    13.8    13.3    11.4    11.2    11.1    11.6    13.0    13.2    12.0    11.8    12.8    11.3    12.7    12.1    12.4
 1916    12.3    12.2    11.9    12.7    12.5    10.4     9.5    10.8    11.6    14.3    11.7    11.8    12.4    10.2    12.5    11.3    11.8
 1917    10.9    11.1    11.1    11.7    11.7     9.8     9.8    11.6    11.6    11.8    11.7    11.5    11.5    10.4    11.7    11.5    11.2
 1918    11.5    11.6    11.9    11.9    11.4    10.4    10.3    11.3    12.2    13.2    12.3    12.4    11.7    10.7    12.5    12.9    11.7
 1919    12.9    13.3    13.0    12.7    12.2    10.4     9.8    11.6    12.7    11.8    12.0    11.8    12.6    10.6    12.1    11.9    12.0
 1920    12.1    11.9    12.2    11.4    11.7     9.5     9.8    11.3    14.0    14.3    14.8    10.7    11.8    10.2    14.3    12.4    12.0
 1921    13.2    13.3    14.7    14.7    13.9    11.8    12.6    13.0    13.6    14.1    14.2    14.6    14.4    12.5    13.9    14.8    13.6
 1922    14.5    15.2    14.4    14.1    12.8    12.6    10.9    12.7    14.1    13.5    13.9    13.5    13.8    12.1    13.8    13.6    13.5
 1923    14.0    13.3    13.8    13.2    14.1    11.2    11.3    11.3    12.2    12.7    12.5    13.3    13.7    11.3    12.5    13.7    12.7
 1924    14.1    13.7    14.1    14.6    14.1    13.2    11.6    14.0    13.9    14.1    14.2    14.2    14.3    12.9    14.1    13.6    13.8
 1925    12.9    13.6    13.8    14.6    14.1    12.5    12.2    13.2    14.1    14.6    14.3    14.2    14.2    12.6    14.3    14.3    13.7
 1926    13.0    15.6    14.3    15.7    14.0    12.6    12.7    12.9    15.3    14.3    14.0    12.9    14.7    12.7    14.5    13.7    13.9
 1927    14.7    13.5    14.2    13.4    12.4    11.0     9.6    13.0    13.6    15.2    13.1    13.3    13.3    11.2    14.0    14.0    13.1
 1928    13.9    14.7    13.7    15.0    13.9    12.5    11.0    13.6    14.5    14.7    14.1    13.9    14.2    12.4    14.4    12.3    13.8
 1929    11.1    11.9    12.1    11.2    10.2     9.2    10.0     9.8    10.4    11.7    11.6    10.4    11.1     9.7    11.2    11.6    10.8
 1930    12.5    11.8    12.4    12.3    11.8     9.6    10.4    11.0    12.3    11.3    11.0    12.2    12.1    10.3    11.5    13.4    11.5
 1931    13.2    14.8    13.3    14.0    13.7    12.8    11.5    13.4    13.9    14.8    14.5    12.4    13.6    12.5    14.4    12.7    13.5
 1932    12.6    13.0    12.5    12.7    12.9    12.1    10.6    12.9    14.1    14.3    15.0    13.2    12.7    11.9    14.5    13.1    13.0
 1933    13.2    13.0    13.8    14.3    14.3    13.4    11.6    13.1    12.9    13.1    13.9    12.9    14.2    12.7    13.3    13.1    13.3
 1934    13.3    13.0    13.3    13.5    13.5    12.7    12.1    13.4    13.5    14.0    13.3    13.3    13.5    12.7    13.6    13.5    13.3
 1935    13.6    13.5    13.6    13.5    13.8    13.2    11.1    12.6    14.2    14.1    14.3    13.5    13.6    12.3    14.2    13.7    13.4
 1936    13.8    13.6    13.4    13.7    13.7    12.4    12.0    12.5    13.5    14.2    14.1    13.2    13.6    12.3    14.0    13.7    13.4
 1937    14.2    13.8    13.7    13.9    12.4    11.4    11.4    12.0    13.7    13.6    14.0    12.9    13.4    11.6    13.7    13.1    13.1
 1938    13.3    13.1    14.2    14.1    14.2    11.7    11.9    12.5    13.2    13.8    13.6    13.5    14.1    12.0    13.5    13.3    13.2
 1939    13.0    13.5    13.7    13.8    13.4    12.4    12.6    13.4    13.9    14.1    14.0    13.6    13.6    12.8    14.0    13.9    13.5
 1940    14.4    13.6    14.0    13.8    14.1    13.2    12.6    13.4    13.8    14.2    13.5    13.5    14.0    13.1    13.9    14.2    13.7
 1941    14.7    14.2    13.9    14.2    14.5    14.0    11.7    13.7    13.7    14.4    13.7    13.3    14.2    13.1    14.0    13.9    13.8
 1942    14.1    14.4    14.3    14.8    13.5    13.4    12.1    12.9    12.6    14.0    14.0    13.6    14.2    12.8    13.5    13.5    13.6
 1943    13.5    13.3    13.5    14.0    14.7    12.1    12.3    12.8    13.2    13.8    14.0    14.3    14.1    12.4    13.7    13.9    13.5
 1944    13.6    13.7    13.2    14.0    13.5    13.3    12.3    13.5    14.5    14.5    13.6    13.9    13.6    13.0    14.2    13.8    13.6
 1945    14.0    13.4    13.4    14.4    14.6    12.2    12.6    13.6    14.1    14.3    14.5    13.4    14.1    12.8    14.3    14.1    13.7
 1946    14.5    14.4    13.8    14.5    15.0    12.5    12.5    13.4    14.0    14.4    13.5    14.1    14.4    12.8    14.0    14.5    13.9
 1947    15.2    14.1    14.1    14.6    14.3    12.1    12.8    13.1    13.0    14.5    14.7    13.8    14.3    12.7    14.1    14.3    13.9
 1948    14.7    14.5    13.8    14.8    15.1    12.8    11.8    13.0    13.6    14.3    13.5    13.9    14.5    12.5    13.8    14.0    13.8
 1949    14.0    14.0    14.6    15.0    14.9    14.2    12.8    14.3    14.0    14.4    14.4    14.4    14.8    13.8    14.2    14.0    14.2
 1950    14.3    13.2    13.8    14.0    14.1    12.4    12.3    13.1    13.0    13.1    13.4    13.4    14.0    12.6    13.2    13.7    13.4
 1951    14.1    13.6    14.1    14.2    13.9    12.6    12.1    13.1    14.4    14.4    14.3    13.6    14.1    12.6    14.4    14.4    13.7
 1952    14.8    14.7    14.7    14.9    14.3    12.6    12.0    13.3    13.6    14.2    14.1    13.6    14.6    12.6    14.0    14.0    13.9
 1953    14.7    13.8    14.6    14.9    14.5    12.2    12.3    13.3    14.1    13.6    13.8    14.4    14.7    12.6    13.9    14.5    13.8
 1954    14.9    14.1    14.5    13.7    13.2    12.3    11.1    12.8    13.5    13.7    13.9    14.2    13.8    12.1    13.7    14.5    13.5
 1955    14.2    15.0    14.0    14.4    14.1    12.5    11.9    12.3    13.8    14.0    14.2    14.0    14.2    12.2    14.0    14.0    13.7
 1956    14.0    14.1    13.9    14.4    14.1    12.4    11.1    13.1    13.5    13.8    14.4    14.1    14.1    12.2    13.9    14.7    13.6
 1957    15.2    14.8    14.8    14.7    14.8    12.1    13.2    13.4    14.7    15.2    15.3    15.4    14.7    12.9    15.1    15.2    14.5
 1958    15.2    15.1    15.8    15.4    14.9    13.1    12.4    13.6    15.0    15.2    15.2    15.4    15.4    13.0    15.1    15.3    14.7
 1959    15.3    15.1    15.2    14.8    14.7    13.7    12.3    13.7    14.9    15.1    14.8    15.0    14.9    13.2    14.9    14.8    14.5
 1960    14.7    14.6    14.6    14.9    14.0    13.3    12.6    14.1    14.8    14.8    14.8    14.1    14.5    13.3    14.8    14.2    14.3
 1961    14.0    14.4    14.5    14.7    14.9    13.1    12.8    13.7    14.3    14.9    14.3    14.1    14.7    13.2    14.5    14.0    14.1
 1962    13.9    14.0    14.1    14.4    14.0    12.8    12.1    13.9    13.9    14.0    13.9    14.2    14.2    12.9    13.9    14.0    13.8
 1963    14.0    13.9    14.0    14.3    14.3    12.4    12.0    12.5    13.6    14.0    14.3    14.2    14.2    12.3    14.0    14.3    13.6
 1964    14.4    14.4    14.4    14.9    13.5    12.5    11.5    12.9    13.3    13.8    14.1    14.1    14.3    12.3    13.7    13.7    13.6
 1965    13.5    13.6    14.3    14.4    13.9    11.8    11.8    12.9    14.1    14.0    14.6    14.2    14.2    12.2    14.2    14.6    13.6
 1966    14.5    15.0    14.8    14.2    13.8    12.9    12.3    13.6    14.5    14.3    14.3    14.1    14.3    12.9    14.4    14.2    14.0
 1967    13.9    14.4    14.4    14.7    14.4    12.4    12.1    12.8    13.9    14.4    14.5    14.1    14.5    12.4    14.3    13.9    13.8
 1968    13.6    14.1    13.7    14.2    13.5    12.3    11.6    12.3    13.2    13.7    14.2    14.5    13.8    12.1    13.7    14.5    13.4
 1969    14.3    14.8    14.7    14.9    14.6    12.9    11.7    12.6    13.9    14.5    14.4    14.0    14.7    12.4    14.3    14.5    13.9
 1970    14.5    14.8    14.6    14.8    13.6    12.7    12.4    13.2    13.7    13.5    14.2    14.0    14.3    12.8    13.8    13.8    13.8
 1971    13.7    13.6    14.1    14.7    13.8    11.4    12.3    12.8    13.8    13.9    14.1    13.8    14.2    12.2    13.9    13.8    13.5
 1972    13.8    13.8    13.9    14.1    14.5    13.3    12.6    13.4    14.2    14.3    14.3    14.2    14.2    13.1    14.3    14.3    13.9
 1973    14.5    14.1    14.4    14.7    13.8    13.1    11.6    13.2    14.3    14.4    13.8    13.7    14.3    12.6    14.2    13.9    13.8
 1974    13.6    14.2    13.9    14.4    13.6    12.8    12.8    12.7    12.9    13.8    14.0    14.3    14.0    12.7    13.6    14.0    13.6
 1975    13.8    13.9    14.1    14.3    13.8    12.7    12.8    13.3    14.2    14.1    14.2    14.0    14.0    12.9    14.2    13.8    13.8
 1976    13.9    13.4    14.2    14.6    14.6    13.0    12.7    13.4    14.6    15.0    14.6    14.7    14.5    13.0    14.7    14.6    14.1
 1977    14.7    14.5    14.4    15.0    14.4    13.0    12.5    13.8    14.7    14.9    14.2    14.2    14.6    13.1    14.6    14.3    14.2
 1978    14.1    14.5    14.5    15.2    13.7    12.4    12.0    13.9    14.5    14.6    14.6    14.7    14.4    12.8    14.5    14.4    14.1
 1979    14.4    14.1    14.0    14.6    14.1    12.1    12.0    13.5    13.3    14.3    14.6    14.7    14.2    12.5    14.0    14.7    13.8
 1980    14.7    14.6    14.3    15.1    14.5    12.3    11.8    13.2    14.6    14.3    14.2    14.2    14.6    12.5    14.4    14.2    14.0
 1981    14.1    14.3    14.7    14.6    14.2    12.1    11.8    13.6    14.0    14.3    14.4    14.4    14.5    12.5    14.3    14.4    13.9
 1982    14.5    14.2    14.3    14.8    14.5    12.9    12.3    13.1    14.1    14.4    14.4    14.5    14.5    12.8    14.3    14.5    14.0
 1983    14.3    14.7    15.4    15.2    14.8    13.4    13.0    14.1    13.9    14.9    14.6    13.7    15.1    13.5    14.5    13.8    14.3
 1984    13.7    13.9    14.2    14.1    13.9    12.6    12.9    13.1    13.6    14.1    14.1    14.0    14.1    12.8    14.0    14.1    13.7
 1985    14.3    14.0    13.8    14.3    13.5    12.2    11.9    12.9    14.0    14.5    14.4    14.4    13.9    12.4    14.3    14.3    13.7
 1986    14.2    14.1    13.9    14.7    14.5    11.8    11.5    13.0    13.9    14.7    14.4    14.2    14.4    12.1    14.4    14.4    13.8
 1987    14.6    14.4    14.6    15.0    14.6    12.8    12.6    13.5    14.7    14.8    14.4    14.8    14.7    13.0    14.6    14.6    14.2
 1988    14.7    14.4    14.5    14.7    13.7    12.7    12.4    13.7    13.9    14.4    14.0    14.0    14.3    12.9    14.1    13.9    13.9
 1989    13.8    13.7    13.9    14.0    13.4    11.9    11.8    13.1    13.9    14.4    14.1    14.6    13.8    12.2    14.1    14.3    13.6
 1990    13.6    14.7    14.6    15.0    14.2    12.7    11.8    13.0    13.8    14.3    14.6    14.4    14.6    12.5    14.2    14.1    13.9
 1991    13.5    14.3    14.6    14.5    15.0    13.0    11.6    12.3    13.1    14.9    13.8    14.0    14.7    12.3    13.9    13.9    13.7
 1992    13.3    14.5    14.3    15.2    14.4    13.5    11.5    13.1    13.6    14.1    14.2    13.8    14.6    12.7    14.0    13.9    13.8
 1993    13.6    14.3    13.6    13.9    14.0    13.1    11.7    13.4    13.2    13.6    15.2    14.1    13.8    12.7    14.0    14.0    13.6
 1994    13.6    14.4    13.4    13.7    14.3    12.5    11.2    13.1    13.8    14.7    14.0    14.2    13.8    12.3    14.2    14.0    13.6
 1995    13.7    14.0    14.2    14.6    14.1    13.4    12.4    14.6    13.9    14.8    14.7    14.4    14.3    13.5    14.5    14.3    14.1
 1996    14.4    14.1    14.1    13.7    12.8    12.4    11.9    12.0    13.0    14.5    14.6    15.1    13.5    12.1    14.1    15.0    13.6
 1997    15.1    14.9    14.1    15.0    14.7    13.1    12.4    11.2    14.9    15.8    14.4    14.0    14.6    12.2    15.0    14.2    14.1
 1998    13.9    14.7    14.7    14.8    14.8    13.1    12.5    13.3    13.7    14.4    14.8    14.5    14.8    12.9    14.3    14.6    14.1
 1999    14.3    15.0    14.6    14.1    13.8    12.1    11.5    13.4    14.1    13.8    14.2    15.3    14.2    12.3    14.0    14.5    13.8
 2000    13.9    14.1    14.6    14.7    14.5    12.6    13.0    13.8    14.3    14.3    14.8    14.1    14.6    13.1    14.5    15.2    14.1
 2001    15.8    15.7    15.1    14.9    15.0    12.8    12.7    13.8    14.7    15.1    15.0    14.5    15.0    13.1    15.0    15.2    14.6
 2002    15.5    15.6    15.4    15.8    15.0    12.5    13.3    14.1    14.7    15.5    15.3    15.5    15.4    13.3    15.2    15.2    14.9
 2003    15.3    14.8    15.5    15.5    15.5    13.8    12.8    13.3    14.9    14.9    15.2    15.8    15.5    13.3    15.0    15.8    14.8
 2004    15.8    16.0    15.5    15.3    14.6    12.7    12.9    14.7    14.6    15.0    15.6    15.0    15.1    13.4    15.1    15.3    14.8
 2005    14.2    16.6    16.0    15.9    14.7    14.1    11.8    14.0    15.4    14.4    15.3    16.7    15.6    13.3    15.0    15.7    14.9
 2006    15.4    15.0    15.7    14.9    14.6    12.3    13.1    13.9    13.2    15.0    14.8    14.4    15.0    13.1    14.3    14.7    14.4
 2007    15.1    14.4    14.6    14.3    15.0    13.0    11.8    13.3    14.4    14.6    14.2    14.9    14.6    12.7    14.4    14.8    14.1
 2008    15.3    14.2    14.4    13.8    13.5    12.3    12.5    13.6    15.0    14.4    14.3    14.4    13.9    12.8    14.5    14.7    14.0
 2009    15.6    14.0    14.8    15.6    15.1    13.3    13.4    13.9    14.8    15.7    14.5    15.3    15.2    13.5    15.0    15.0    14.7
 2010    15.1    14.6    15.1    15.1    14.9    13.3    12.4    13.2    14.4    15.0    15.0    14.5    15.0    13.0    14.8    14.5    14.4
 2011    14.7    14.3    14.7    14.7    14.9    13.1    12.7    14.1    14.9    13.5    13.7    13.9    14.8    13.3    14.1    13.8    14.1
 2012    13.2    14.4    14.4    14.4    14.3    13.1    12.4    14.0    15.4    15.5    15.2    14.4    14.4    13.2    15.3    14.6    14.2
 2013    14.8    14.7    15.0    13.7    14.3    11.9    12.6    13.6    15.2    15.0    14.8    14.8    14.3    12.7    15.0    15.0    14.2
 2014    15.2    15.0    14.6    13.9    15.9    14.4    13.9    13.9    15.4    14.3    15.4    14.5    14.8    14.1    15.0    14.3    14.7
 2015    14.8    13.5    14.8    14.4    14.4    14.1    13.4    14.0    15.3    16.1    14.7    15.2    14.5    13.8    15.4    15.8    14.6
 2016    16.7    15.5    15.3    15.1    14.8    13.7    13.4    13.6    14.4    14.8    15.4    15.5    15.1    13.6    14.8  -999.0    14.8
