Climatic Research Unit Country File created on Tue 19 Sep 2017 17:57:34 BST, from CRU TS run #1709081022
Country = Chad                 : parameter = Minimum Temperature            : Units = degrees Celsius     
Period = 1901.2016 : missing value = -999.0 : format = (i5,17f8.1)
 YEAR     JAN     FEB     MAR     APR     MAY     JUN     JUL     AUG     SEP     OCT     NOV     DEC     MAM     JJA     SON     DJF     ANN
 1901    11.7    14.1    17.5    20.9    22.9    23.1    22.9    22.2    21.8    19.6    15.4    12.7    20.4    22.7    18.9    12.7    18.7
 1902    11.4    14.1    17.6    21.0    23.1    23.3    22.6    22.4    21.6    19.3    15.1    12.2    20.6    22.8    18.7    12.2    18.6
 1903    11.2    13.3    17.0    20.9    22.8    23.3    22.8    22.3    21.5    19.4    15.4    12.8    20.2    22.8    18.8    13.1    18.5
 1904    12.5    14.1    17.3    20.7    22.8    23.3    22.7    22.3    21.5    19.3    15.1    12.6    20.2    22.8    18.6    12.4    18.7
 1905    11.1    13.5    16.8    20.7    22.9    23.4    22.8    22.3    21.7    18.7    15.4    11.8    20.1    22.8    18.6    12.4    18.4
 1906    11.6    13.9    16.9    20.8    23.1    23.5    22.8    22.2    21.6    19.2    15.0    12.7    20.3    22.8    18.6    13.2    18.6
 1907    12.4    14.4    17.7    21.0    22.8    23.1    22.7    21.8    21.7    19.4    15.1    12.8    20.5    22.5    18.7    12.4    18.7
 1908    11.0    13.4    17.6    21.0    22.9    23.2    22.5    22.1    21.6    19.0    14.9    12.1    20.5    22.6    18.5    12.6    18.4
 1909    11.7    14.0    17.8    20.8    23.0    23.3    22.6    22.1    21.6    19.5    15.5    12.6    20.5    22.7    18.9    12.7    18.7
 1910    11.2    14.3    16.4    20.0    23.1    23.5    21.9    22.1    21.3    18.9    14.8    12.3    19.8    22.5    18.3    12.7    18.3
 1911    12.5    13.4    17.0    20.1    22.2    23.3    22.6    22.2    21.6    19.4    14.9    12.5    19.8    22.7    18.7    12.3    18.5
 1912    11.0    13.4    16.8    20.0    22.2    22.9    22.5    22.0    21.6    19.0    15.0    12.4    19.7    22.5    18.5    12.4    18.2
 1913    11.1    13.6    15.7    19.7    22.1    22.7    22.4    21.8    21.5    19.0    14.4    12.1    19.2    22.3    18.3    12.8    18.0
 1914    12.3    14.1    17.4    20.4    22.1    23.1    22.5    21.8    21.4    19.1    15.1    13.0    20.0    22.5    18.5    13.1    18.5
 1915    12.1    14.2    17.0    20.6    22.4    23.0    22.8    22.1    21.6    19.2    15.4    12.8    20.0    22.6    18.7    12.3    18.6
 1916    10.4    13.7    16.6    20.6    22.3    22.9    22.3    22.0    21.4    18.5    15.0    12.0    19.9    22.4    18.3    12.1    18.1
 1917    10.8    13.5    16.5    19.1    22.3    22.4    23.0    21.7    20.9    18.8    14.8    12.3    19.3    22.4    18.2    12.4    18.0
 1918    11.0    13.9    19.2    20.6    22.3    23.0    23.2    22.0    22.2    19.9    16.4    14.8    20.7    22.7    19.5    15.8    19.0
 1919    16.3    16.3    18.2    19.7    24.0    21.6    22.4    22.3    21.7    19.8    15.3    13.0    20.6    22.1    18.9    12.5    19.2
 1920    11.3    13.1    14.5    19.4    21.8    22.3    21.3    20.0    19.4    18.6    15.3    11.9    18.6    21.2    17.8    11.7    17.4
 1921    11.3    11.8    15.3    21.4    22.6    22.6    22.6    21.7    20.4    18.4    15.1    14.6    19.8    22.3    18.0    13.1    18.1
 1922    11.9    12.8    14.2    19.9    20.3    21.5    20.9    19.4    19.4    17.9    15.8    12.0    18.1    20.6    17.7    12.6    17.2
 1923    13.5    12.4    17.7    21.3    22.1    22.6    21.9    21.3    21.6    19.7    15.5    13.2    20.4    21.9    18.9    13.9    18.6
 1924    13.4    15.1    19.8    21.7    21.7    23.1    22.7    21.2    20.3    19.2    14.9    13.3    21.1    22.3    18.1    11.2    18.9
 1925     9.3    11.1    17.9    21.0    22.4    22.9    22.5    21.6    22.0    20.0    16.8    13.5    20.5    22.3    19.6    13.3    18.4
 1926    12.2    14.1    16.3    19.5    23.8    23.3    23.4    22.9    22.4    19.6    16.0    13.9    19.8    23.2    19.4    13.9    19.0
 1927    13.3    14.6    16.9    20.0    22.9    23.4    22.7    21.5    21.8    21.4    16.6    15.1    19.9    22.5    20.0    14.9    19.2
 1928    15.3    14.4    18.7    20.6    22.7    22.0    22.9    21.4    21.6    19.9    15.3    13.6    20.7    22.1    18.9    13.1    19.0
 1929    11.3    14.4    17.4    20.5    22.9    22.1    20.1    20.4    20.6    19.5    16.6    11.2    20.2    20.9    18.9    12.2    18.1
 1930    10.2    15.2    16.3    20.8    22.4    22.1    21.7    21.7    22.3    20.3    15.5    15.4    19.8    21.8    19.4    14.7    18.7
 1931    13.5    15.2    17.8    21.6    22.5    23.1    22.5    22.5    21.3    20.7    16.5    12.9    20.6    22.7    19.5    13.2    19.2
 1932    12.6    14.1    18.2    20.9    22.1    23.1    23.0    22.0    20.9    19.8    16.6    12.5    20.4    22.7    19.1    14.0    18.8
 1933    13.1    16.4    18.5    20.8    21.9    23.1    22.5    22.0    21.1    18.9    17.6    14.7    20.4    22.5    19.2    13.0    19.2
 1934    11.9    12.4    17.7    21.2    23.0    22.9    23.0    21.6    21.7    20.7    16.3    13.7    20.6    22.5    19.6    13.3    18.8
 1935    12.9    13.2    18.6    19.6    22.2    22.6    23.5    20.9    21.1    19.8    16.9    14.2    20.2    22.3    19.3    13.3    18.8
 1936    11.4    14.3    19.5    21.6    24.4    23.3    22.3    21.0    20.9    20.4    17.6    14.3    21.8    22.2    19.7    13.7    19.3
 1937    10.7    16.2    17.5    20.4    23.5    23.7    23.4    22.6    22.0    21.1    15.8    15.1    20.5    23.2    19.6    14.9    19.3
 1938    13.6    16.0    16.3    23.5    24.1    22.6    22.9    21.7    22.0    20.1    16.9    14.9    21.3    22.4    19.7    14.1    19.6
 1939    12.4    15.2    18.7    21.4    23.5    23.5    23.1    22.3    21.3    19.9    15.5    14.5    21.2    23.0    18.9    14.0    19.3
 1940    13.3    14.2    15.0    20.8    22.4    24.1    23.1    22.6    22.1    20.5    14.7    14.2    19.4    23.2    19.1    13.8    18.9
 1941    12.7    14.4    18.1    22.3    23.6    23.5    23.1    22.4    22.1    19.0    15.8    12.2    21.3    23.0    19.0    14.0    19.1
 1942    13.0    16.7    17.0    20.8    22.8    23.3    22.3    21.4    21.6    19.1    15.3    13.3    20.2    22.3    18.7    12.9    18.9
 1943    12.4    13.0    16.5    19.1    22.3    22.3    22.3    21.7    21.1    19.8    16.8    14.2    19.3    22.1    19.2    13.1    18.5
 1944    11.4    13.8    18.2    20.4    21.9    23.6    23.1    22.2    21.7    19.8    15.0    12.9    20.1    23.0    18.8    12.9    18.7
 1945    13.4    12.4    16.3    20.3    21.8    22.8    22.7    22.2    21.1    18.6    15.5    12.6    19.5    22.6    18.4    13.0    18.3
 1946    12.1    14.4    16.9    20.3    22.4    22.8    21.7    21.1    20.9    19.1    15.9    12.7    19.8    21.9    18.6    13.0    18.4
 1947    11.4    14.9    16.2    20.2    22.6    23.1    23.3    22.4    21.5    19.3    15.5    13.8    19.7    23.0    18.8    13.2    18.7
 1948    11.7    14.1    15.9    21.5    22.8    22.7    22.7    21.7    21.4    17.9    14.3    11.6    20.1    22.3    17.9    11.4    18.2
 1949    10.8    11.7    17.8    19.8    22.6    22.5    22.1    20.9    20.3    19.2    15.0    10.3    20.1    21.8    18.2    11.1    17.8
 1950    10.9    12.3    16.2    19.7    22.2    22.1    21.2    20.2    21.5    18.4    14.3    11.7    19.4    21.2    18.1    11.7    17.5
 1951    11.1    12.2    17.0    19.6    22.8    22.5    22.3    21.8    21.9    19.6    14.1     9.7    19.8    22.2    18.5    11.5    17.9
 1952    11.6    13.1    16.7    20.5    23.0    23.0    22.0    21.4    21.6    19.1    14.1    12.9    20.1    22.1    18.3    12.6    18.2
 1953    11.2    13.7    18.2    19.4    23.6    23.4    21.8    21.5    20.7    17.8    14.4    10.6    20.4    22.2    17.7    12.0    18.0
 1954    10.7    14.9    16.7    20.6    22.2    21.8    21.5    21.0    20.1    18.5    16.0    11.6    19.8    21.5    18.2    12.3    18.0
 1955    11.7    13.5    17.3    20.7    22.7    22.9    22.1    21.1    21.6    18.9    14.3    11.4    20.2    22.0    18.2    11.6    18.2
 1956     9.6    13.9    18.6    19.4    21.7    22.3    21.6    21.4    20.9    18.0    15.4    12.2    19.9    21.8    18.1    11.6    17.9
 1957    10.4    12.1    16.2    19.7    22.8    23.4    21.7    21.7    21.3    19.1    16.3    13.3    19.6    22.3    18.9    12.5    18.2
 1958    12.2    12.0    16.9    21.1    22.3    22.9    22.1    21.7    21.1    18.5    15.9    13.3    20.1    22.2    18.5    12.4    18.3
 1959    11.7    12.3    16.4    20.5    22.7    22.7    21.5    21.5    21.3    17.4    15.0    11.5    19.9    21.9    17.9    11.6    17.9
 1960    10.6    12.7    16.6    20.7    21.7    22.8    21.9    21.6    21.0    18.8    14.9    15.2    19.7    22.1    18.3    13.7    18.2
 1961    13.5    12.5    17.0    20.7    22.1    23.4    21.9    21.5    20.2    17.5    13.4     9.8    20.0    22.3    17.0    10.9    17.8
 1962     9.8    13.2    18.0    20.9    22.1    22.9    22.4    21.6    21.3    19.3    16.9    13.4    20.3    22.3    19.2    13.2    18.5
 1963    11.3    14.8    17.1    20.4    23.3    23.4    22.5    22.0    22.2    20.8    15.5    11.5    20.3    22.6    19.5    12.1    18.7
 1964    11.9    13.0    17.4    21.1    22.9    23.3    22.1    21.7    20.7    17.8    14.9    12.9    20.5    22.3    17.8    12.8    18.3
 1965    12.4    13.2    16.7    20.4    21.1    23.0    22.5    21.8    21.4    19.2    14.2    11.2    19.4    22.4    18.3    12.0    18.1
 1966    11.9    12.8    16.9    20.8    23.9    22.8    22.4    22.3    22.4    19.7    16.1    12.3    20.5    22.5    19.4    12.2    18.7
 1967    10.6    13.6    16.8    20.4    22.0    23.0    22.3    21.8    21.6    18.2    14.3    12.9    19.7    22.3    18.1    12.6    18.1
 1968    11.7    13.2    16.4    20.3    21.8    22.9    22.2    22.1    21.3    19.9    15.5    12.8    19.5    22.4    18.9    12.4    18.3
 1969    10.9    13.6    18.5    22.1    23.0    24.0    22.5    22.6    22.3    20.7    16.1    13.6    21.2    23.0    19.7    13.2    19.2
 1970    12.6    13.5    16.4    20.6    22.8    22.6    22.5    21.9    21.2    18.8    14.9    11.5    19.9    22.4    18.3    11.9    18.3
 1971    10.9    13.4    18.3    19.8    22.9    22.6    22.1    21.1    20.8    18.4    14.7    12.4    20.3    21.9    18.0    12.6    18.1
 1972    11.6    13.7    17.7    21.2    23.4    23.0    22.9    22.5    21.9    20.7    14.3    13.0    20.8    22.8    19.0    13.6    18.8
 1973    12.5    15.3    17.4    20.9    22.7    23.7    22.9    22.4    22.0    20.1    14.3    13.0    20.3    23.0    18.8    13.1    18.9
 1974    12.0    14.2    17.5    21.3    22.5    22.8    21.8    21.7    21.0    19.1    15.5    11.6    20.4    22.1    18.5    12.5    18.4
 1975    10.7    15.2    17.1    20.7    22.9    23.2    22.1    21.4    21.3    18.6    16.0    12.4    20.2    22.2    18.6    12.8    18.5
 1976    11.5    14.4    17.6    20.8    23.1    23.2    22.6    21.6    21.8    21.0    15.4    13.2    20.5    22.4    19.4    13.0    18.8
 1977    12.2    13.7    17.3    20.2    23.0    23.5    22.6    21.7    21.2    18.6    14.9    11.9    20.2    22.6    18.2    12.5    18.4
 1978    11.2    14.4    17.7    22.3    23.4    23.1    22.7    21.6    21.3    19.9    14.9    12.8    21.1    22.5    18.7    13.2    18.8
 1979    12.1    14.6    19.0    21.2    23.5    24.0    23.0    22.5    21.9    20.0    17.4    11.8    21.2    23.2    19.8    12.8    19.3
 1980    11.9    14.7    17.9    21.6    24.0    23.5    22.6    22.0    21.5    20.2    16.5    12.3    21.2    22.7    19.4    12.1    19.1
 1981    10.6    13.3    18.2    21.0    23.5    23.6    22.4    22.2    21.7    20.4    14.8    12.9    20.9    22.7    19.0    13.2    18.7
 1982    13.3    13.4    18.1    21.0    23.1    23.5    23.2    22.6    21.8    20.0    14.0    12.3    20.7    23.1    18.6    12.4    18.9
 1983    10.3    14.5    16.5    20.8    23.7    24.5    24.0    23.0    21.6    19.3    15.4    13.5    20.3    23.9    18.8    12.6    18.9
 1984    10.3    14.1    18.1    22.1    24.2    23.0    22.4    22.8    22.2    20.5    15.3    12.7    21.5    22.8    19.3    13.2    19.0
 1985    14.2    12.6    19.6    20.8    24.2    23.8    22.6    22.5    22.1    19.7    15.5    12.9    21.5    23.0    19.1    13.0    19.2
 1986    11.4    14.7    19.0    21.4    22.4    23.1    22.8    22.7    21.7    19.1    15.6    11.4    20.9    22.9    18.8    12.4    18.8
 1987    11.0    14.9    17.6    19.9    23.0    23.4    24.3    23.7    22.8    19.5    15.5    12.5    20.2    23.8    19.3    13.2    19.0
 1988    12.3    14.6    18.1    21.6    23.0    23.9    22.8    22.1    21.9    18.5    14.7    13.3    20.9    22.9    18.4    11.6    18.9
 1989     9.7    11.9    16.1    20.5    23.0    23.7    23.2    22.7    22.3    19.9    15.9    12.7    19.9    23.2    19.4    13.1    18.5
 1990    13.2    13.3    15.9    21.9    23.7    23.5    22.9    21.8    21.6    19.4    16.3    14.0    20.5    22.7    19.1    14.0    19.0
 1991    11.8    16.2    18.3    22.6    24.3    23.9    23.1    22.4    21.5    19.5    15.4    11.8    21.7    23.1    18.8    11.4    19.2
 1992    10.7    11.7    18.9    21.6    23.0    23.9    23.1    22.2    21.5    19.5    15.4    11.2    21.2    23.1    18.8    11.4    18.6
 1993    10.1    12.7    17.9    20.9    23.1    23.0    23.3    22.3    21.9    20.4    17.6    13.0    20.6    22.9    20.0    12.8    18.9
 1994    12.3    13.1    18.2    21.7    23.2    22.6    22.8    22.3    21.6    21.0    14.8    11.3    21.0    22.6    19.1    11.6    18.8
 1995    10.7    12.8    18.2    20.7    22.9    24.2    23.3    22.9    22.5    20.7    14.4    13.2    20.6    23.5    19.2    13.4    18.9
 1996    12.1    14.7    18.7    20.8    23.6    23.6    23.0    22.8    22.7    20.2    15.0    13.2    21.1    23.1    19.3    12.8    19.2
 1997    12.7    12.5    18.9    22.1    23.5    25.1    23.9    23.3    23.2    21.7    17.1    13.3    21.5    24.1    20.7    13.5    19.8
 1998    11.7    15.5    16.8    23.2    24.9    24.3    24.2    23.4    22.9    20.8    16.8    14.0    21.6    24.0    20.2    14.2    19.9
 1999    13.0    15.7    18.1    21.1    23.2    22.9    23.3    22.8    22.5    20.6    16.4    14.0    20.8    23.0    19.8    13.8    19.5
 2000    13.8    13.7    16.2    21.7    22.9    23.3    23.3    22.6    22.0    19.1    16.4    12.6    20.3    23.1    19.2    12.3    19.0
 2001    10.5    13.9    17.8    22.6    23.7    23.0    22.8    22.7    21.7    19.7    15.6    13.4    21.4    22.8    19.0    12.2    18.9
 2002     9.5    13.7    17.8    22.1    22.8    23.5    23.6    22.7    22.6    20.6    16.6    12.3    20.9    23.3    19.9    13.0    19.0
 2003    11.7    15.1    17.7    22.6    22.8    24.8    23.5    23.1    22.6    21.4    16.7    13.4    21.1    23.8    20.2    13.7    19.6
 2004    13.3    14.4    17.8    21.9    25.0    24.1    23.6    23.3    21.9    20.7    16.5    12.9    21.6    23.7    19.7    14.3    19.6
 2005    12.1    17.8    19.4    22.3    23.7    24.5    24.0    23.2    22.3    19.9    15.8    14.7    21.8    23.9    19.4    15.2    20.0
 2006    14.9    16.1    18.4    20.6    24.3    24.2    23.7    23.3    22.6    20.7    15.4    11.8    21.1    23.7    19.5    12.7    19.7
 2007    11.1    15.2    17.9    22.8    24.9    24.6    23.4    22.6    21.8    19.6    17.4    13.3    21.9    23.6    19.6    12.8    19.6
 2008    12.0    13.0    18.6    21.7    23.9    24.2    23.6    22.9    22.8    20.8    15.9    14.8    21.4    23.6    19.8    14.7    19.5
 2009    13.5    15.7    18.6    22.9    23.3    24.3    24.0    23.4    23.6    21.6    14.9    12.9    21.6    23.9    20.1    13.6    19.9
 2010    12.6    15.3    18.7    23.4    24.8    25.2    24.0    23.2    23.1    21.5    18.1    13.6    22.3    24.1    20.9    13.9    20.3
 2011    11.7    16.3    19.0    22.0    23.5    24.8    24.5    23.1    22.3    20.7    14.5    12.0    21.5    24.1    19.2    13.4    19.5
 2012    11.8    16.5    17.8    22.9    24.2    24.6    23.2    22.5    22.4    19.9    17.3    13.1    21.6    23.4    19.9    14.0    19.7
 2013    12.8    16.0    19.4    21.3    24.7    24.3    23.6    22.6    22.4    19.0    16.9    13.9    21.8    23.5    19.5    13.7    19.7
 2014    12.2    15.2    19.3    23.2    24.4    24.7    24.3    22.4    22.5    20.8    16.7    12.7    22.3    23.8    20.0    13.7    19.9
 2015    11.8    16.4    20.1    20.7    22.9    24.6    24.5    23.2    23.4    21.4    16.6    11.6    21.2    24.1    20.5    12.4    19.8
 2016    11.7    13.9    21.2    22.5    24.9    24.8    23.3    23.4    22.7    20.4    17.2    15.0    22.9    23.8    20.1  -999.0    20.1
