Climatic Research Unit Country File created on Tue 19 Sep 2017 17:57:34 BST, from CRU TS run #1709081022
Country = Nicaragua            : parameter = Minimum Temperature            : Units = degrees Celsius     
Period = 1901.2016 : missing value = -999.0 : format = (i5,17f8.1)
 YEAR     JAN     FEB     MAR     APR     MAY     JUN     JUL     AUG     SEP     OCT     NOV     DEC     MAM     JJA     SON     DJF     ANN
 1901    18.6    19.0    19.6    20.0    21.1    21.3    20.9    20.7    20.7    20.8    18.9    18.8    20.3    20.9    20.1    18.3    20.0
 1902    17.5    18.5    20.6    20.5    21.8    21.1    21.5    19.9    21.9    21.3    20.8    19.5    21.0    20.8    21.3    19.9    20.4
 1903    19.4    20.8    20.4    20.2    20.6    22.0    21.7    21.0    21.5    20.3    19.0    17.8    20.4    21.5    20.3    18.6    20.4
 1904    18.7    19.3    19.7    20.7    21.2    21.1    20.9    20.4    20.6    20.3    19.4    19.3    20.6    20.8    20.1    18.8    20.1
 1905    17.7    19.4    19.9    20.5    22.1    21.7    21.0    20.9    21.0    21.1    20.2    19.5    20.9    21.2    20.7    18.4    20.4
 1906    17.8    17.9    19.1    19.8    21.3    20.8    21.4    20.5    21.2    20.7    20.1    18.6    20.1    20.9    20.6    18.9    19.9
 1907    19.3    18.7    19.8    20.5    21.5    20.9    20.3    20.0    20.4    20.5    20.4    19.1    20.6    20.4    20.4    18.3    20.1
 1908    17.9    18.0    20.0    21.9    22.1    21.2    21.0    20.3    20.5    19.7    19.0    19.3    21.3    20.8    19.7    18.9    20.1
 1909    18.5    18.9    20.6    21.0    22.4    20.9    21.5    20.7    20.3    20.2    18.9    18.9    21.3    21.0    19.8    18.0    20.2
 1910    17.3    17.9    17.5    19.0    20.7    20.4    20.6    20.5    20.3    20.1    18.4    17.1    19.0    20.5    19.6    18.2    19.1
 1911    18.6    19.0    19.8    21.2    19.5    20.0    19.4    20.5    20.8    21.4    20.9    19.8    20.2    20.0    21.1    18.7    20.1
 1912    19.1    17.2    20.6    22.4    21.8    20.8    20.8    20.6    20.6    20.9    18.9    20.0    21.6    20.7    20.1    20.2    20.3
 1913    20.0    20.7    20.5    18.6    19.6    19.5    20.5    20.4    20.1    20.0    19.0    19.0    19.6    20.2    19.7    18.7    19.8
 1914    18.2    19.0    17.6    20.2    20.3    20.3    21.4    21.2    20.3    20.2    19.3    20.0    19.4    21.0    20.0    18.9    19.8
 1915    18.6    18.1    17.1    18.4    22.2    21.8    21.9    21.2    21.0    20.8    20.0    19.4    19.2    21.6    20.6    19.3    20.0
 1916    20.4    18.0    18.6    19.5    21.0    20.6    21.8    20.3    20.3    20.1    19.0    19.5    19.7    20.9    19.8    19.2    19.9
 1917    19.5    18.8    20.4    20.5    21.4    21.2    21.1    20.8    20.8    20.7    18.9    18.3    20.8    21.0    20.1    18.8    20.2
 1918    18.1    20.0    20.2    20.9    21.0    20.7    21.5    20.8    20.9    21.6    20.1    19.4    20.7    21.0    20.9    18.8    20.4
 1919    17.8    19.3    20.2    19.8    20.9    20.3    20.8    20.8    20.6    21.1    21.0    19.6    20.3    20.6    20.9    19.1    20.2
 1920    19.4    18.4    19.7    22.2    21.7    20.3    20.8    20.4    20.6    20.2    19.5    19.2    21.2    20.5    20.1    18.9    20.2
 1921    18.6    19.0    20.2    20.5    19.4    20.5    20.6    20.6    20.6    20.5    20.7    20.0    20.0    20.6    20.6    19.7    20.1
 1922    19.5    19.5    20.6    21.8    21.1    20.9    21.0    21.0    20.8    20.8    20.5    19.8    21.2    21.0    20.7    19.4    20.6
 1923    19.2    19.3    20.3    21.1    21.5    20.8    21.0    20.6    20.8    20.4    19.0    19.9    20.9    20.8    20.1    18.9    20.3
 1924    19.2    17.5    19.2    21.1    21.7    21.4    21.3    20.8    20.7    20.6    19.2    20.1    20.7    21.2    20.2    19.8    20.2
 1925    20.1    19.2    19.1    19.4    20.1    20.4    20.9    20.9    20.7    21.5    20.4    19.7    19.6    20.7    20.9    19.1    20.2
 1926    18.9    18.7    19.9    20.8    20.5    20.8    21.6    20.7    21.2    21.2    19.2    20.2    20.4    21.0    20.5    19.5    20.3
 1927    18.1    20.2    19.5    20.7    22.0    21.5    20.8    21.1    20.9    20.5    19.8    19.5    20.7    21.1    20.4    19.0    20.4
 1928    17.9    19.7    19.8    20.1    20.2    21.7    21.1    20.9    21.3    21.2    19.8    18.9    20.0    21.3    20.7    19.7    20.2
 1929    19.7    20.6    20.8    21.8    21.3    20.3    20.5    20.4    20.5    20.7    20.7    18.8    21.3    20.4    20.6    19.1    20.5
 1930    19.5    19.0    19.3    19.7    21.3    20.4    20.6    20.9    20.9    20.9    19.5    18.3    20.1    20.6    20.4    18.7    20.0
 1931    18.7    19.1    19.3    20.3    20.8    20.9    21.0    21.0    21.1    20.9    19.3    20.5    20.1    21.0    20.5    20.2    20.2
 1932    20.2    20.1    19.6    20.3    21.2    20.7    20.9    20.8    21.5    20.9    18.6    19.8    20.4    20.8    20.3    19.9    20.4
 1933    19.6    20.2    19.8    21.6    21.5    20.8    20.9    20.4    20.5    20.6    18.9    19.0    21.0    20.7    20.0    19.1    20.3
 1934    19.4    18.8    18.6    20.8    20.6    20.5    20.9    21.0    20.9    20.8    20.0    19.7    20.0    20.8    20.6    18.7    20.2
 1935    18.4    18.0    19.8    21.1    21.6    21.1    21.1    20.6    21.1    20.6    19.6    19.2    20.8    20.9    20.4    19.9    20.2
 1936    20.2    20.3    20.5    20.8    21.0    21.1    21.0    21.1    20.9    21.3    20.3    19.3    20.8    21.1    20.8    20.1    20.7
 1937    20.8    20.1    20.3    21.0    21.1    21.1    21.1    20.8    20.5    20.3    18.8    19.0    20.8    21.0    19.9    18.8    20.4
 1938    18.7    18.7    19.8    19.6    20.9    20.5    20.5    20.4    20.5    19.9    19.6    18.4    20.1    20.5    20.0    19.1    19.8
 1939    19.3    19.6    19.1    20.3    21.0    20.6    20.9    20.6    20.1    20.8    19.0    19.9    20.1    20.7    20.0    18.6    20.1
 1940    18.2    17.6    19.7    20.2    20.9    20.8    21.5    21.1    21.0    20.1    19.7    19.3    20.3    21.1    20.3    18.8    20.0
 1941    18.6    18.6    19.4    21.0    20.8    21.6    21.1    21.1    20.6    20.6    19.5    19.9    20.4    21.3    20.2    19.0    20.2
 1942    18.0    19.2    19.6    20.5    21.8    21.0    20.9    20.2    20.3    20.3    19.6    19.5    20.6    20.7    20.1    18.7    20.1
 1943    18.9    17.6    18.8    19.6    20.7    20.5    20.7    20.5    20.8    19.7    18.8    18.6    19.7    20.6    19.8    18.7    19.6
 1944    18.1    19.4    20.0    20.8    20.8    20.5    21.2    20.5    20.4    19.6    19.4    18.4    20.5    20.7    19.8    18.9    19.9
 1945    18.7    19.7    20.2    20.7    20.7    21.1    21.2    20.3    20.3    20.3    19.2    19.2    20.5    20.9    19.9    19.4    20.1
 1946    19.6    19.4    19.4    20.1    21.6    20.8    20.7    20.4    20.4    20.2    20.4    19.4    20.4    20.6    20.3    19.4    20.2
 1947    20.3    18.6    19.8    21.2    20.9    20.8    20.9    20.2    20.4    20.8    21.0    19.4    20.6    20.6    20.7    19.2    20.3
 1948    18.9    19.3    20.1    20.0    20.9    20.6    20.7    20.8    20.6    20.4    20.5    19.2    20.3    20.7    20.5    18.9    20.2
 1949    18.9    18.5    19.7    20.8    20.8    20.8    21.0    20.5    20.4    20.5    18.2    18.4    20.5    20.8    19.7    18.4    19.9
 1950    18.8    18.1    19.0    19.3    20.5    20.4    20.5    20.1    20.4    20.2    18.7    18.0    19.6    20.3    19.8    18.2    19.5
 1951    18.6    18.0    19.3    20.8    21.0    21.4    21.2    21.3    21.2    20.7    19.9    19.8    20.4    21.3    20.6    19.3    20.3
 1952    19.3    19.0    20.1    20.8    20.7    21.3    20.7    21.1    21.5    20.1    20.9    19.0    20.5    21.0    20.8    18.7    20.4
 1953    18.4    18.8    19.7    21.7    21.6    21.8    21.2    20.9    21.2    20.4    19.7    20.0    21.0    21.3    20.4    19.0    20.5
 1954    19.1    17.8    19.9    20.6    21.0    20.9    20.6    20.6    20.6    19.7    20.0    18.5    20.5    20.7    20.1    18.6    19.9
 1955    18.5    18.7    19.1    20.3    20.7    21.2    20.6    20.6    20.8    20.0    20.1    19.4    20.0    20.8    20.3    19.1    20.0
 1956    18.2    19.7    20.3    21.2    21.2    20.9    20.7    20.8    20.9    20.9    19.2    19.4    20.9    20.8    20.3    19.5    20.3
 1957    19.3    19.9    20.3    21.6    22.2    22.2    21.7    21.3    21.5    20.8    20.3    19.3    21.4    21.7    20.9    19.2    20.9
 1958    19.2    19.1    21.4    21.9    22.2    21.7    22.2    21.3    21.4    21.3    21.2    20.4    21.8    21.8    21.3    19.9    21.1
 1959    19.3    20.2    20.6    21.0    21.7    21.2    21.6    21.3    21.0    21.3    20.0    19.2    21.1    21.4    20.8    19.3    20.7
 1960    19.1    19.5    19.7    21.0    21.7    21.0    21.3    21.0    21.2    21.2    20.4    18.9    20.8    21.1    20.9    19.4    20.5
 1961    19.6    19.7    20.0    21.4    21.5    20.4    20.7    20.6    20.3    20.0    19.7    19.5    20.9    20.6    20.0    18.9    20.3
 1962    18.7    18.6    19.7    20.9    20.5    20.6    20.7    20.4    20.4    20.2    19.9    19.1    20.3    20.6    20.1    19.0    20.0
 1963    18.8    19.1    20.2    20.2    20.7    21.0    21.1    21.1    21.0    20.3    20.1    19.3    20.4    21.1    20.5    19.5    20.2
 1964    19.5    19.9    20.2    21.4    21.6    20.6    20.6    20.6    20.7    19.8    20.2    19.7    21.1    20.6    20.2    19.5    20.4
 1965    19.0    19.7    19.8    20.3    21.0    21.2    21.5    20.7    20.9    20.9    20.5    19.8    20.4    21.1    20.8    19.7    20.4
 1966    19.4    19.8    20.4    21.7    21.9    20.8    21.6    21.4    21.0    20.8    19.2    18.5    21.3    21.3    20.3    18.8    20.5
 1967    18.9    18.9    18.6    20.2    21.3    20.6    20.7    20.4    20.3    20.4    19.7    19.3    20.0    20.6    20.1    18.8    19.9
 1968    19.0    17.9    18.2    19.7    20.7    20.6    20.9    20.6    20.1    20.1    19.2    19.2    19.5    20.7    19.8    18.9    19.7
 1969    18.5    19.0    20.4    21.1    21.8    21.0    21.3    20.3    20.7    20.4    19.6    18.9    21.1    20.9    20.2    18.8    20.3
 1970    18.7    18.8    19.5    20.8    20.7    20.9    20.5    20.2    20.1    20.5    18.6    18.5    20.3    20.6    19.7    18.5    19.8
 1971    18.5    18.5    18.8    18.9    20.8    20.3    20.4    19.7    20.0    20.1    19.3    19.1    19.5    20.1    19.8    18.8    19.5
 1972    18.9    18.3    18.7    20.5    20.7    21.2    21.5    20.3    20.6    20.4    20.7    19.8    20.0    21.0    20.5    19.2    20.1
 1973    19.0    19.0    21.3    21.6    21.7    21.0    20.8    20.4    20.5    20.3    20.1    17.5    21.5    20.7    20.3    18.1    20.3
 1974    19.0    17.9    19.6    20.3    20.7    20.8    20.6    20.1    20.0    19.6    19.4    19.2    20.2    20.5    19.7    18.7    19.8
 1975    18.9    18.1    20.1    20.9    21.0    21.3    20.3    20.1    19.7    20.0    19.4    18.5    20.7    20.6    19.7    18.3    19.9
 1976    18.1    18.1    19.7    19.9    21.0    20.5    21.2    20.7    21.1    20.7    20.2    20.1    20.2    20.8    20.7    19.5    20.1
 1977    18.7    19.7    20.2    20.7    21.1    21.1    21.2    21.1    21.0    21.0    20.0    20.3    20.7    21.1    20.7    19.4    20.5
 1978    18.7    19.0    20.1    20.9    21.7    21.5    20.9    20.9    20.8    20.6    20.6    19.8    20.9    21.1    20.7    19.4    20.5
 1979    19.0    19.4    20.3    20.4    21.8    21.4    21.5    21.0    21.0    21.3    20.1    19.8    20.8    21.3    20.8    19.6    20.6
 1980    19.5    19.5    20.7    21.4    21.8    21.7    21.6    21.2    21.0    21.0    19.9    19.0    21.3    21.5    20.6    18.8    20.7
 1981    17.9    19.5    20.5    21.2    21.6    21.1    21.5    21.0    20.9    20.8    19.4    19.2    21.1    21.2    20.4    19.3    20.4
 1982    19.1    19.6    20.4    20.7    21.3    21.4    21.2    21.6    21.2    20.8    20.4    19.8    20.8    21.4    20.8    19.9    20.6
 1983    19.7    20.3    20.3    21.7    22.8    22.3    21.8    21.2    21.1    21.0    20.4    19.9    21.6    21.8    20.8    19.4    21.0
 1984    19.0    19.5    19.9    20.7    22.1    21.6    20.6    20.6    20.5    20.8    19.1    19.6    20.9    21.0    20.1    19.2    20.3
 1985    18.7    19.4    20.5    20.9    21.5    21.3    21.1    20.5    20.9    20.7    20.2    20.0    21.0    21.0    20.6    19.2    20.5
 1986    18.6    19.0    18.7    20.3    21.5    21.5    21.6    21.3    20.8    20.5    20.6    19.7    20.2    21.5    20.6    19.3    20.4
 1987    18.6    19.5    20.5    21.2    21.6    22.0    21.5    21.5    21.4    20.8    20.8    20.6    21.1    21.7    21.0    20.4    20.9
 1988    20.3    20.2    20.7    21.4    21.9    21.7    21.6    21.0    21.1    20.9    20.4    19.4    21.3    21.5    20.8    19.3    20.9
 1989    19.8    18.8    18.9    21.0    21.8    21.5    21.5    21.2    21.1    20.8    20.7    19.1    20.5    21.4    20.9    19.6    20.5
 1990    20.0    19.6    20.3    21.5    22.2    21.9    21.4    21.3    21.0    20.9    20.3    20.2    21.3    21.5    20.7    19.8    20.9
 1991    19.6    19.5    19.9    21.1    21.4    21.9    21.6    21.0    21.2    20.9    20.0    20.0    20.8    21.5    20.7    19.7    20.7
 1992    19.6    19.5    20.6    21.6    22.0    21.9    21.7    21.3    20.7    21.2    20.8    20.2    21.4    21.6    20.9    19.5    20.9
 1993    19.2    19.1    19.5    21.4    21.4    22.3    21.9    21.3    20.7    21.6    20.5    19.8    20.8    21.8    20.9    19.7    20.7
 1994    19.6    19.8    20.5    21.3    22.1    21.9    21.5    21.4    21.4    21.1    20.1    20.4    21.3    21.6    20.9    19.8    20.9
 1995    19.7    19.3    20.1    21.5    21.4    21.6    21.7    21.4    21.2    21.3    20.1    20.0    21.0    21.6    20.9    19.2    20.8
 1996    18.8    18.9    19.2    21.0    21.8    21.8    21.6    20.9    21.2    21.4    19.9    19.9    20.7    21.5    20.9    19.6    20.5
 1997    19.1    19.8    20.5    21.5    22.1    21.8    22.3    21.8    21.6    21.8    21.1    20.6    21.4    21.9    21.5    20.3    21.2
 1998    20.1    20.2    20.7    21.9    22.0    22.1    21.6    21.5    21.4    21.4    20.5    19.4    21.5    21.7    21.1    19.0    21.1
 1999    19.1    18.5    19.4    20.7    21.6    21.4    21.4    20.7    20.7    20.6    19.5    19.0    20.5    21.2    20.3    18.6    20.2
 2000    18.4    18.5    19.8    20.6    21.4    21.5    21.2    21.2    21.1    21.2    20.4    19.6    20.6    21.3    20.9    19.4    20.4
 2001    18.8    19.9    19.5    21.3    22.0    22.0    21.8    21.9    21.1    21.6    20.0    20.3    20.9    21.9    20.9    19.8    20.8
 2002    19.6    19.6    20.7    20.9    22.1    22.1    21.9    21.5    21.5    21.2    20.4    20.5    21.2    21.9    21.1    20.1    21.0
 2003    19.1    20.5    21.0    21.3    22.3    21.9    21.7    21.3    21.5    21.3    20.7    19.1    21.5    21.6    21.2    19.6    21.0
 2004    19.7    19.9    20.5    21.3    21.8    21.8    21.3    21.1    21.0    21.6    20.0    19.4    21.2    21.4    20.9    19.0    20.8
 2005    18.9    18.7    21.1    21.3    22.0    21.9    22.0    21.4    21.4    20.7    19.7    20.0    21.5    21.8    20.6    19.6    20.8
 2006    19.7    19.2    19.9    21.2    22.0    21.6    21.9    21.7    21.5    21.9    20.2    20.7    21.0    21.7    21.2    20.1    21.0
 2007    20.1    19.6    20.1    21.5    21.8    21.9    21.9    21.2    21.1    20.7    19.7    19.6    21.1    21.6    20.5    19.6    20.8
 2008    19.4    19.7    20.5    21.1    22.1    22.0    21.5    21.1    21.6    21.0    19.4    19.9    21.2    21.5    20.7    19.7    20.8
 2009    19.9    19.3    19.1    21.9    22.2    21.9    22.3    21.3    21.8    21.6    20.8    21.4    21.1    21.9    21.4    20.5    21.1
 2010    19.9    20.1    20.1    22.2    22.8    22.4    21.7    21.3    21.5    21.0    19.8    18.6    21.7    21.8    20.8    19.3    21.0
 2011    19.8    19.5    19.6    21.3    22.1    21.8    21.8    21.6    21.6    20.7    19.8    20.0    21.0    21.7    20.7    20.0    20.8
 2012    20.1    19.9    20.2    21.2    21.6    21.6    21.9    21.2    21.1    20.8    19.4    19.9    21.0    21.6    20.5    20.1    20.7
 2013    20.4    20.0    19.3    21.7    21.6    21.5    21.8    21.3    21.4    21.2    20.8    20.4    20.9    21.5    21.1    20.0    20.9
 2014    19.3    20.1    20.4    21.7    22.1    21.3    22.3    21.4    21.1    21.0    20.1    19.8    21.4    21.7    20.7    19.6    20.9
 2015    19.7    19.3    19.9    21.6    21.8    21.9    21.8    21.6    21.6    21.6    21.5    21.6    21.1    21.8    21.6    20.4    21.2
 2016    20.1    19.5    21.4    21.8    22.5    21.9    22.1    21.9    21.7    21.1    20.0    20.6    21.9    22.0    20.9  -999.0    21.2
