Climatic Research Unit Country File created on Tue 19 Sep 2017 17:57:34 BST, from CRU TS run #1709081022
Country = Mauritius            : parameter = Vapour Pressure                : Units = hPa                 
Period = 1901.2016 : missing value = -999.0 : format = (i5,17f8.1)
 YEAR     JAN     FEB     MAR     APR     MAY     JUN     JUL     AUG     SEP     OCT     NOV     DEC     MAM     JJA     SON     DJF     ANN
 1901    25.8    26.6    26.1    24.7    21.7    19.4    18.4    17.9    18.4    19.8    21.7    24.3    24.1    18.6    20.0    25.6    22.1
 1902    25.8    26.6    26.1    24.7    21.7    19.4    18.4    17.9    18.4    19.8    21.7    24.3    24.1    18.6    20.0    25.6    22.1
 1903    25.8    26.6    26.1    24.7    21.7    19.4    18.4    17.9    18.4    19.8    21.7    24.3    24.1    18.6    20.0    25.6    22.1
 1904    25.8    26.6    26.1    24.7    21.7    19.4    18.4    17.9    18.4    19.8    21.7    24.3    24.1    18.6    20.0    25.6    22.1
 1905    25.8    26.6    26.1    24.7    21.7    19.4    18.4    17.9    18.4    19.8    21.7    24.3    24.1    18.6    20.0    25.6    22.1
 1906    25.8    26.6    26.1    24.7    21.7    19.4    18.4    17.9    18.4    19.8    21.7    24.3    24.1    18.6    20.0    25.6    22.1
 1907    25.8    26.6    26.1    24.7    21.7    19.4    18.4    17.9    18.4    19.8    21.7    24.3    24.1    18.6    20.0    25.6    22.1
 1908    25.8    26.6    26.1    24.7    21.7    19.4    18.4    17.9    18.4    19.8    21.7    24.3    24.1    18.6    20.0    25.6    22.1
 1909    25.8    26.6    26.1    24.7    21.7    19.4    18.4    17.9    18.4    19.8    21.7    24.3    24.1    18.6    20.0    25.6    22.1
 1910    25.8    26.6    26.1    24.7    21.7    19.4    18.4    17.9    18.4    19.8    21.7    24.3    24.1    18.6    20.0    25.6    22.1
 1911    25.8    26.6    26.1    24.7    21.7    19.4    18.4    17.9    18.4    19.8    21.7    24.3    24.1    18.6    20.0    25.6    22.1
 1912    25.8    26.6    26.1    24.7    21.7    19.4    18.4    17.9    18.4    19.8    21.7    24.3    24.1    18.6    20.0    25.6    22.1
 1913    25.8    26.6    26.1    24.7    21.7    19.4    18.4    17.9    18.4    19.8    21.7    24.3    24.1    18.6    20.0    25.6    22.1
 1914    25.8    26.6    26.1    24.7    21.7    19.4    18.4    17.9    18.4    19.8    21.7    24.3    24.1    18.6    20.0    25.6    22.1
 1915    25.8    26.6    26.1    24.7    21.7    19.4    18.4    17.9    18.4    19.8    21.7    24.3    24.1    18.6    20.0    25.6    22.1
 1916    25.8    26.6    26.1    24.7    21.7    19.4    18.4    17.9    18.4    19.8    21.7    24.3    24.1    18.6    20.0    25.6    22.1
 1917    25.8    26.6    26.1    24.7    21.7    19.4    18.4    17.9    18.4    19.8    21.7    24.3    24.1    18.6    20.0    25.6    22.1
 1918    25.8    26.6    26.1    24.7    21.7    19.4    18.4    17.9    18.4    19.8    21.7    24.3    24.1    18.6    20.0    25.6    22.1
 1919    25.8    26.6    26.1    24.7    21.7    19.4    18.4    17.9    18.4    19.8    21.7    24.3    24.1    18.6    20.0    25.6    22.1
 1920    25.8    26.6    26.1    24.7    21.7    19.4    18.4    17.9    18.4    19.8    21.7    24.3    24.1    18.6    20.0    25.6    22.1
 1921    25.8    26.6    26.1    24.7    21.7    19.4    18.4    17.9    18.4    19.8    21.7    24.3    24.1    18.6    20.0    25.6    22.1
 1922    25.8    26.6    26.1    24.7    21.7    19.4    18.4    17.9    18.4    19.8    21.7    24.3    24.1    18.6    20.0    25.6    22.1
 1923    25.8    26.6    26.1    24.7    21.7    19.4    18.4    17.9    18.4    19.8    21.7    24.3    24.1    18.6    20.0    25.6    22.1
 1924    25.8    26.6    26.1    24.7    21.7    19.4    18.4    17.9    18.4    19.8    21.7    24.3    24.1    18.6    20.0    25.6    22.1
 1925    25.8    26.6    26.1    24.7    21.7    19.4    18.4    17.9    18.4    19.8    21.7    24.3    24.1    18.6    20.0    25.6    22.1
 1926    25.8    26.6    26.1    24.7    21.7    19.4    18.4    17.9    18.4    19.8    21.7    24.3    24.1    18.6    20.0    25.6    22.1
 1927    25.8    26.6    26.1    24.7    21.7    19.4    18.4    17.9    18.4    19.8    21.7    24.3    24.1    18.6    20.0    25.6    22.1
 1928    25.8    26.6    26.1    24.7    21.7    19.4    18.4    17.9    18.4    19.8    21.7    24.3    24.1    18.6    20.0    25.6    22.1
 1929    25.8    26.6    26.1    24.7    21.7    19.4    18.4    17.9    18.4    19.8    21.7    24.3    24.1    18.6    20.0    25.6    22.1
 1930    25.8    26.6    26.1    24.7    21.7    19.4    18.4    17.9    18.4    19.8    21.7    24.3    24.1    18.6    20.0    25.6    22.1
 1931    25.8    26.6    26.1    24.7    21.7    19.4    18.4    17.9    18.4    19.8    21.7    24.3    24.1    18.6    20.0    25.6    22.1
 1932    25.8    26.6    26.1    24.7    21.7    19.4    18.4    17.9    18.4    19.8    21.7    24.3    24.1    18.6    20.0    25.6    22.1
 1933    25.8    26.6    26.1    24.7    21.7    19.4    18.4    17.9    18.4    19.8    21.7    24.3    24.1    18.6    20.0    25.6    22.1
 1934    25.8    26.6    26.1    24.7    21.7    19.4    18.4    17.9    18.4    19.8    21.7    24.3    24.1    18.6    20.0    25.6    22.1
 1935    25.8    26.6    26.1    24.7    21.7    19.4    18.4    17.9    18.4    19.8    21.7    24.3    24.1    18.6    20.0    25.6    22.1
 1936    25.8    26.6    26.1    24.7    21.7    19.4    18.4    17.9    18.4    19.8    21.7    24.3    24.1    18.6    20.0    25.6    22.1
 1937    25.8    26.6    26.1    24.7    21.7    19.4    18.4    17.9    18.4    19.8    21.7    24.3    24.1    18.6    20.0    25.6    22.1
 1938    25.8    26.6    26.1    24.7    21.7    19.4    18.4    17.9    18.4    19.8    21.7    24.3    24.1    18.6    20.0    25.6    22.1
 1939    25.8    26.6    26.1    24.7    21.7    19.4    18.4    17.9    18.4    19.8    21.7    24.3    24.1    18.6    20.0    25.6    22.1
 1940    25.8    26.6    26.1    24.7    21.7    19.4    18.4    17.9    18.4    19.8    21.7    24.3    24.1    18.6    20.0    25.6    22.1
 1941    25.8    26.6    26.1    24.7    21.7    19.4    18.4    17.9    18.4    19.8    21.7    24.3    24.1    18.6    20.0    25.6    22.1
 1942    25.8    26.6    26.1    24.7    21.7    19.4    18.4    17.9    18.4    19.8    21.7    24.3    24.1    18.6    20.0    25.6    22.1
 1943    25.8    26.6    26.1    24.7    21.7    19.4    18.4    17.9    18.4    19.8    21.7    24.3    24.1    18.6    20.0    25.6    22.1
 1944    25.8    26.6    26.1    24.7    21.7    19.4    18.4    17.9    18.4    19.8    21.7    24.3    24.1    18.6    20.0    25.6    22.1
 1945    25.8    26.6    26.1    24.7    21.7    19.4    18.4    17.9    18.4    19.8    21.7    24.3    24.1    18.6    20.0    25.6    22.1
 1946    25.8    26.6    26.1    24.7    21.7    19.4    18.4    17.9    18.4    19.8    21.7    24.3    24.1    18.6    20.0    25.6    22.1
 1947    25.8    26.6    26.1    24.7    21.7    19.4    18.4    17.9    18.4    19.8    21.7    24.3    24.1    18.6    20.0    25.6    22.1
 1948    25.8    26.6    26.1    24.7    21.7    19.4    18.4    17.9    18.4    19.8    21.7    24.3    24.1    18.6    20.0    25.6    22.1
 1949    25.8    26.6    26.1    24.7    21.7    19.4    18.4    17.9    18.4    19.8    21.7    24.3    24.1    18.6    20.0    25.6    22.1
 1950    25.8    26.6    26.1    24.7    21.7    19.4    18.4    17.9    18.4    19.8    21.7    24.3    24.1    18.6    20.0    25.1    22.1
 1951    25.1    25.9    25.4    21.7    20.0    18.7    17.8    17.0    17.1    19.0    21.2    24.5    22.3    17.9    19.1    25.6    21.1
 1952    26.2    26.0    26.4    25.4    22.9    19.4    18.2    16.8    18.6    18.3    20.1    21.8    24.9    18.1    19.0    23.9    21.7
 1953    24.7    25.3    25.6    23.3    22.0    21.1    18.4    17.1    17.8    18.9    21.1    23.8    23.6    18.9    19.3    25.3    21.6
 1954    25.6    26.4    25.0    23.7    22.7    19.0    18.9    18.2    18.8    18.8    21.3    22.9    23.8    18.7    19.6    24.6    21.7
 1955    25.6    25.4    25.7    24.0    21.2    19.2    17.9    17.3    17.5    17.7    20.5    22.9    23.6    18.1    18.6    24.3    21.2
 1956    24.8    25.3    24.4    22.5    21.8    18.2    16.4    16.5    17.7    18.9    19.6    23.2    22.9    17.0    18.7    24.4    20.8
 1957    25.2    24.7    24.9    22.5    20.4    18.2    17.4    17.3    17.7    19.1    20.0    24.2    22.6    17.6    18.9    25.3    21.0
 1958    25.5    26.3    26.3    26.2    20.5    18.3    17.0    17.6    17.6    19.0    20.2    23.0    24.3    17.6    18.9    24.7    21.4
 1959    24.7    26.3    26.6    23.9    20.3    18.0    17.3    17.1    17.5    19.1    23.2    23.7    23.6    17.5    19.9    25.2    21.5
 1960    25.1    26.8    25.1    22.5    20.9    19.6    17.2    18.2    18.7    19.2    20.3    23.6    22.8    18.3    19.4    25.0    21.4
 1961    25.9    25.5    25.4    24.1    21.7    19.6    18.2    17.5    17.8    19.5    21.7    25.1    23.7    18.4    19.7    25.5    21.8
 1962    25.2    26.1    25.9    22.9    20.3    17.2    16.4    16.8    18.3    19.1    20.4    23.8    23.0    16.8    19.3    24.7    21.0
 1963    24.7    25.6    24.7    23.8    20.2    19.4    17.7    16.1    16.9    18.2    21.2    22.8    22.9    17.7    18.8    25.0    20.9
 1964    24.9    27.4    26.9    24.0    21.0    18.5    16.4    16.5    17.3    18.6    20.0    23.5    24.0    17.1    18.6    24.6    21.2
 1965    24.5    25.9    24.4    24.3    21.3    17.6    18.2    17.4    18.5    19.6    21.1    22.5    23.3    17.7    19.7    24.4    21.3
 1966    24.8    26.0    24.9    23.8    20.6    19.1    18.5    17.7    18.4    18.6    20.9    24.3    23.1    18.4    19.3    25.9    21.5
 1967    26.4    26.9    25.7    24.5    21.9    19.7    18.3    17.9    18.1    19.1    21.7    23.7    24.0    18.6    19.6    24.6    22.0
 1968    24.6    25.6    25.9    22.8    19.0    18.4    17.9    17.3    17.7    18.7    20.2    22.6    22.6    17.9    18.9    24.5    20.9
 1969    25.1    25.7    26.3    25.8    22.9    19.2    18.9    17.5    18.3    20.2    22.6    25.1    25.0    18.5    20.4    26.7    22.3
 1970    27.1    27.9    27.1    24.5    22.1    19.5    18.6    17.5    18.7    18.8    21.4    23.1    24.6    18.5    19.6    24.8    22.2
 1971    25.2    26.1    24.6    25.0    21.0    18.7    18.3    16.9    17.5    19.0    20.0    23.3    23.5    18.0    18.8    24.7    21.3
 1972    25.1    25.6    25.1    24.0    21.7    18.9    18.6    17.9    18.1    20.0    21.9    25.3    23.6    18.5    20.0    26.3    21.8
 1973    26.6    26.9    26.8    25.0    21.8    18.9    18.5    17.9    17.9    19.2    20.7    22.7    24.5    18.4    19.2    23.9    21.9
 1974    24.0    25.0    24.5    23.4    19.8    17.8    17.4    17.5    16.7    18.9    20.1    22.9    22.6    17.5    18.6    24.6    20.7
 1975    25.0    26.0    25.4    25.2    21.1    19.4    18.6    17.4    18.0    18.4    21.9    23.3    23.9    18.5    19.4    24.5    21.6
 1976    24.6    25.7    25.9    23.7    21.7    20.7    18.4    18.7    17.8    19.8    22.1    23.5    23.7    19.3    19.9    25.6    21.9
 1977    26.6    26.6    27.0    24.9    22.8    20.2    19.2    18.4    18.9    20.8    23.5    27.4    24.9    19.3    21.0    27.4    23.0
 1978    27.2    27.8    26.9    25.1    23.9    21.1    19.0    19.6    20.0    20.8    23.5    25.2    25.3    19.9    21.4    27.1    23.3
 1979    27.7    28.6    26.1    25.3    22.8    20.6    19.2    19.0    20.4    20.6    23.1    26.7    24.7    19.6    21.3    27.1    23.3
 1980    27.2    27.4    28.1    26.4    22.8    20.9    19.9    18.9    19.0    20.9    23.9    25.6    25.7    19.9    21.2    26.9    23.4
 1981    27.3    27.8    27.3    27.4    22.7    20.3    18.7    18.7    19.6    21.3    22.2    25.6    25.8    19.2    21.0    26.3    23.2
 1982    26.0    27.4    26.1    24.5    22.5    21.1    19.7    18.7    19.8    20.9    23.4    25.2    24.4    19.8    21.3    25.9    22.9
 1983    25.8    26.7    26.4    24.1    22.0    20.6    19.4    18.5    18.7    20.0    21.2    24.9    24.1    19.5    20.0    26.3    22.4
 1984    26.7    27.4    26.3    25.4    21.3    19.5    17.3    17.5    18.0    20.4    22.7    23.8    24.3    18.1    20.4    25.9    22.2
 1985    26.5    27.4    25.7    25.4    21.4    19.8    19.5    18.6    18.7    19.7    21.0    24.3    24.1    19.3    19.8    25.8    22.3
 1986    26.1    27.1    26.5    24.2    21.7    18.3    17.1    17.8    18.0    20.0    22.3    25.5    24.2    17.7    20.1    25.9    22.1
 1987    26.1    26.0    26.9    24.7    23.0    19.9    19.2    18.4    18.7    20.3    22.2    24.2    24.9    19.2    20.4    26.1    22.5
 1988    27.0    27.1    27.2    25.4    22.6    19.2    18.9    18.0    18.6    21.3    22.5    24.6    25.0    18.7    20.8    25.8    22.7
 1989    26.4    26.3    26.6    25.0    22.2    19.5    18.4    18.0    18.7    20.1    21.4    25.1    24.6    18.6    20.1    25.2    22.3
 1990    24.6    26.0    25.7    24.6    21.4    19.7    17.4    18.0    19.2    20.5    21.6    23.8    23.9    18.4    20.4    25.7    21.9
 1991    26.3    27.1    25.8    25.4    21.8    19.8    18.1    18.1    19.5    20.6    22.6    23.5    24.3    18.7    20.9    25.7    22.4
 1992    26.1    27.6    25.6    24.2    22.1    20.1    17.9    17.1    18.4    20.1    22.0    23.5    24.0    18.4    20.2    24.8    22.1
 1993    25.7    25.4    25.5    25.1    22.1    19.6    18.2    17.4    17.6    19.2    20.7    24.2    24.3    18.4    19.1    25.6    21.7
 1994    25.7    26.8    26.6    24.9    21.7    20.0    19.3    18.5    18.3    19.9    21.2    23.5    24.4    19.2    19.8    25.4    22.2
 1995    25.8    27.0    26.1    25.5    21.5    18.7    19.1    18.5    18.8    19.9    20.6    23.9    24.4    18.8    19.8    25.6    22.1
 1996    26.2    26.7    26.3    25.0    21.3    19.4    17.7    17.8    17.7    19.3    20.8    24.0    24.2    18.3    19.3    25.4    21.8
 1997    26.2    26.1    25.5    24.3    22.2    20.1    18.8    18.3    18.2    19.3    21.9    25.1    24.0    19.1    19.8    27.5    22.2
 1998    28.0    29.3    27.6    26.2    22.7    20.3    18.9    18.4    18.9    19.6    21.4    23.6    25.5    19.2    20.0    25.0    22.9
 1999    25.0    26.4    25.8    25.2    21.9    19.4    18.5    18.5    19.1    19.0    21.9    23.9    24.3    18.8    20.0    25.5    22.0
 2000    25.8    26.8    26.1    25.1    21.9    19.7    18.4    18.2    18.2    19.6    21.1    24.6    24.4    18.8    19.6    26.0    22.1
 2001    26.4    27.0    26.1    26.0    22.2    19.1    17.9    18.8    18.6    20.0    21.8    23.7    24.7    18.6    20.1    25.6    22.3
 2002    25.7    27.5    26.9    25.6    22.9    19.8    19.2    18.6    18.4    20.3    22.8    25.8    25.1    19.2    20.5    26.6    22.8
 2003    26.8    27.2    27.1    26.8    24.1    19.7    19.1    18.4    19.6    20.5    22.3    24.8    26.0    19.1    20.8    26.4    23.0
 2004    26.4    27.9    27.5    26.9    21.9    19.7    19.2    19.2    19.5    20.2    22.5    24.4    25.4    19.4    20.7    26.3    22.9
 2005    27.2    27.3    27.4    25.9    23.1    19.8    18.6    17.8    19.2    19.5    21.2    23.8    25.5    18.7    19.9    25.7    22.6
 2006    25.9    27.3    27.4    26.4    21.7    21.1    19.0    18.3    19.1    20.1    22.8    25.9    25.2    19.5    20.7    27.3    22.9
 2007    27.3    28.5    26.6    26.2    23.1    20.2    19.7    18.7    19.6    20.5    22.9    25.8    25.3    19.5    21.0    27.0    23.2
 2008    27.2    27.9    26.7    25.3    22.1    20.0    18.7    19.4    20.5    21.9    23.5    25.9    24.7    19.4    22.0    27.3    23.3
 2009    27.4    28.6    27.4    26.9    23.1    21.2    19.8    18.9    19.6    21.4    23.7    26.3    25.8    20.0    21.5    27.4    23.7
 2010    27.1    28.9    28.2    27.3    24.1    21.9    19.5    19.1    19.4    21.4    22.8    24.8    26.5    20.2    21.2    26.6    23.7
 2011    26.7    28.3    27.5    26.6    22.2    21.1    19.5    19.0    19.2    20.9    23.6    25.7    25.4    19.9    21.2    27.0    23.4
 2012    26.7    28.6    27.4    27.1    23.4    20.7    20.1    20.0    19.9    21.5    23.7    27.1    26.0    20.3    21.7    27.8    23.8
 2013    27.8    28.4    27.7    26.5    22.1    20.4    18.8    19.2    20.5    22.1    23.3    26.3    25.4    19.5    21.9    27.6    23.6
 2014    27.8    28.8    28.0    26.3    23.0    21.6    20.8    19.5    19.9    21.5    24.7    26.9    25.7    20.7    22.0    27.4    24.0
 2015    27.9    27.5    27.7    26.9    24.1    22.5    20.4    19.9    20.5    22.7    23.8    26.6    26.2    20.9    22.3    28.2    24.2
 2016    28.6    29.4    28.6    27.5    23.5    20.9    19.7    19.9    19.8    21.3    23.4    25.2    26.5    20.1    21.5  -999.0    24.0
