Climatic Research Unit Country File created on Tue 19 Sep 2017 17:57:34 BST, from CRU TS run #1709081022
Country = DR_Congo             : parameter = Vapour Pressure                : Units = hPa                 
Period = 1901.2016 : missing value = -999.0 : format = (i5,17f8.1)
 YEAR     JAN     FEB     MAR     APR     MAY     JUN     JUL     AUG     SEP     OCT     NOV     DEC     MAM     JJA     SON     DJF     ANN
 1901    23.3    23.2    23.9    23.9    23.1    21.2    20.5    20.9    21.8    22.6    23.1    23.0    23.6    20.9    22.5    23.0    22.5
 1902    23.2    23.0    23.6    23.9    23.2    21.5    20.8    21.2    22.1    22.9    23.3    23.1    23.6    21.2    22.8    23.1    22.6
 1903    23.1    23.2    23.7    23.8    22.9    21.2    20.3    21.1    22.0    22.8    23.2    23.3    23.5    20.9    22.7    23.2    22.6
 1904    23.2    23.2    23.7    23.9    22.7    21.2    20.5    21.1    21.9    22.8    23.2    23.2    23.4    20.9    22.6    23.2    22.5
 1905    23.1    23.2    23.5    23.8    23.2    21.2    20.6    21.1    22.1    22.7    23.1    23.0    23.5    21.0    22.6    23.2    22.6
 1906    23.2    23.3    23.4    23.7    22.8    21.0    20.3    20.8    21.7    22.8    23.6    23.1    23.3    20.7    22.7    22.9    22.5
 1907    22.9    22.7    23.4    23.9    22.7    20.9    20.3    20.8    21.7    22.6    23.0    23.0    23.3    20.7    22.4    22.9    22.3
 1908    22.9    22.9    23.5    23.9    22.9    21.1    20.5    21.0    22.0    22.8    23.0    23.1    23.5    20.9    22.6    23.0    22.5
 1909    23.0    23.0    23.5    23.8    22.9    21.1    20.4    20.9    21.8    22.8    23.2    23.2    23.4    20.8    22.6    23.1    22.5
 1910    23.1    23.1    23.6    23.6    23.0    21.2    20.5    21.0    21.9    22.7    23.2    23.2    23.4    20.9    22.6    23.1    22.5
 1911    23.1    23.0    23.7    24.0    23.2    21.3    20.6    21.1    21.9    22.8    23.4    23.3    23.6    21.0    22.7    23.3    22.6
 1912    23.4    23.3    23.8    24.1    23.1    21.2    20.5    21.0    21.9    22.7    23.3    23.3    23.7    20.9    22.6    23.2    22.6
 1913    23.2    23.1    23.7    23.9    23.1    21.4    20.5    21.2    22.0    22.9    23.4    23.4    23.6    21.0    22.8    23.4    22.7
 1914    23.4    23.3    23.8    23.8    22.9    21.1    20.3    20.8    21.9    22.7    23.1    23.1    23.5    20.7    22.6    23.1    22.5
 1915    23.1    23.0    23.6    24.0    22.8    21.1    20.3    20.9    21.8    22.7    23.1    22.9    23.5    20.7    22.6    23.0    22.4
 1916    23.0    22.9    23.6    23.9    22.9    21.1    20.6    21.1    21.9    22.8    23.2    23.2    23.4    20.9    22.7    23.2    22.5
 1917    23.2    23.1    23.7    23.8    23.1    21.3    20.6    20.9    22.1    22.9    23.1    23.1    23.6    20.9    22.7    23.2    22.6
 1918    23.2    23.2    23.7    23.7    22.7    21.2    20.3    20.9    21.6    22.6    23.0    23.0    23.4    20.8    22.4    23.0    22.4
 1919    23.0    23.0    23.5    23.7    22.8    21.0    20.3    20.8    21.7    22.4    22.9    22.8    23.3    20.7    22.3    22.9    22.3
 1920    22.9    23.0    23.4    23.9    23.1    21.2    20.4    20.9    21.9    22.8    23.1    23.1    23.5    20.8    22.6    23.1    22.5
 1921    23.1    23.1    23.6    23.9    23.0    21.1    20.6    21.1    22.0    22.7    23.0    23.1    23.5    20.9    22.5    23.1    22.5
 1922    23.0    23.2    23.6    24.0    23.1    21.2    20.6    21.1    21.9    22.9    23.3    23.1    23.6    21.0    22.7    23.0    22.6
 1923    23.0    23.0    23.7    23.8    23.1    21.1    20.5    21.0    21.7    22.6    22.6    22.8    23.5    20.9    22.3    22.9    22.4
 1924    23.1    22.8    23.5    24.0    23.0    21.3    20.5    21.1    22.0    22.9    23.1    23.4    23.5    21.0    22.7    23.3    22.6
 1925    23.2    23.2    23.7    24.0    22.9    21.0    20.4    20.9    21.5    22.7    23.2    23.1    23.5    20.8    22.5    22.9    22.5
 1926    22.8    22.8    23.6    24.0    22.9    21.1    20.6    20.9    21.9    22.7    22.9    23.0    23.5    20.9    22.5    22.9    22.4
 1927    22.8    22.9    23.3    23.7    22.8    21.3    20.6    21.1    21.8    22.6    22.9    23.0    23.3    21.0    22.4    23.0    22.4
 1928    23.0    23.1    23.7    24.2    23.2    21.2    20.4    21.2    21.8    22.8    23.0    22.9    23.7    20.9    22.6    23.0    22.6
 1929    23.1    23.0    23.6    24.0    22.8    20.9    20.4    20.8    21.6    22.6    23.0    22.8    23.4    20.7    22.4    22.7    22.4
 1930    22.9    22.5    23.4    24.0    23.0    21.3    20.5    20.8    21.6    22.5    22.8    23.1    23.5    20.9    22.3    23.1    22.4
 1931    23.2    23.0    23.4    23.7    23.1    21.2    20.5    21.0    22.1    23.0    23.3    22.9    23.4    20.9    22.8    22.9    22.5
 1932    22.9    22.9    23.4    23.7    22.7    21.0    20.4    20.9    21.9    22.5    22.8    22.8    23.3    20.7    22.4    22.8    22.3
 1933    23.0    22.7    23.6    23.7    23.1    21.4    20.6    21.2    22.0    23.0    23.5    23.3    23.5    21.1    22.8    23.1    22.6
 1934    23.0    23.1    23.5    23.9    23.4    21.8    20.8    21.4    22.0    22.9    23.3    23.3    23.6    21.4    22.7    23.2    22.7
 1935    23.1    23.1    23.6    23.8    23.2    21.2    20.4    20.8    21.8    22.8    23.3    23.1    23.5    20.8    22.6    23.1    22.5
 1936    23.2    23.2    23.4    23.8    23.1    21.0    20.5    20.8    21.7    22.8    22.9    23.0    23.4    20.7    22.5    23.2    22.4
 1937    23.2    23.3    23.4    24.2    22.9    21.2    20.8    21.3    22.1    23.0    23.4    23.3    23.5    21.1    22.9    23.3    22.7
 1938    23.2    23.5    23.8    24.1    23.1    21.2    20.7    21.2    22.2    23.0    23.2    23.2    23.6    21.0    22.8    23.2    22.7
 1939    23.1    23.2    23.7    24.0    23.6    21.6    20.9    21.4    22.2    23.2    23.4    23.2    23.8    21.3    22.9    23.2    22.8
 1940    23.2    23.3    23.8    24.2    23.1    21.6    20.8    21.3    22.0    22.5    22.7    23.0    23.7    21.2    22.4    23.9    22.6
 1941    24.3    24.3    24.7    25.3    24.2    22.3    21.3    22.0    22.7    24.0    24.0    23.6    24.7    21.9    23.6    23.8    23.6
 1942    23.7    24.1    24.6    25.0    23.8    21.9    20.8    21.2    22.0    23.1    23.8    23.3    24.5    21.3    23.0    23.2    23.1
 1943    23.4    23.0    23.5    24.0    23.3    20.6    20.2    20.9    21.9    23.0    23.5    23.9    23.6    20.6    22.8    23.7    22.6
 1944    23.9    23.2    23.4    24.2    23.4    22.3    21.4    21.5    22.5    23.2    23.6    23.7    23.6    21.7    23.1    23.8    23.0
 1945    24.1    23.5    24.4    24.5    23.1    21.0    21.0    21.1    22.1    23.2    23.5    23.3    24.0    21.0    22.9    23.7    22.9
 1946    23.9    23.8    23.8    24.1    23.4    21.5    20.8    21.1    22.3    23.2    23.6    23.6    23.8    21.1    23.0    23.5    22.9
 1947    23.8    23.2    24.1    23.9    23.7    22.0    20.9    21.7    22.5    23.6    24.0    23.6    23.9    21.6    23.3    23.5    23.1
 1948    23.4    23.4    23.6    24.2    23.7    21.5    20.7    21.2    22.2    23.1    23.6    23.6    23.8    21.1    23.0    23.5    22.8
 1949    23.9    23.1    24.4    25.0    24.0    21.8    21.1    21.5    22.5    23.5    24.0    23.6    24.5    21.5    23.3    23.3    23.2
 1950    23.3    23.0    23.8    24.3    23.0    21.8    20.9    21.0    21.8    22.4    23.1    23.2    23.7    21.2    22.4    22.8    22.6
 1951    23.0    22.3    23.3    24.2    22.9    21.3    20.3    21.4    22.0    23.1    23.4    23.0    23.5    21.0    22.8    23.6    22.5
 1952    24.3    23.4    23.7    24.3    22.8    21.7    20.3    21.0    21.8    22.7    23.1    23.1    23.6    21.0    22.5    23.2    22.7
 1953    23.6    23.0    23.7    24.0    23.4    20.7    20.6    20.9    22.1    22.6    23.1    23.4    23.7    20.7    22.6    23.2    22.6
 1954    23.5    22.7    23.7    23.4    22.6    20.8    19.7    20.9    22.0    22.0    23.0    22.8    23.2    20.5    22.3    22.8    22.3
 1955    23.0    22.6    23.2    23.6    23.3    21.0    20.2    20.1    21.5    22.6    23.0    22.4    23.4    20.4    22.4    22.5    22.2
 1956    22.3    22.6    23.3    24.0    22.7    21.1    20.3    20.8    21.9    22.1    23.4    22.8    23.4    20.7    22.5    22.8    22.3
 1957    23.0    22.7    23.4    23.5    23.1    20.9    20.6    21.3    22.5    22.8    23.4    23.5    23.3    21.0    22.9    23.6    22.6
 1958    24.1    23.2    24.1    24.7    22.9    21.3    20.3    21.0    22.4    23.2    23.6    23.7    23.9    20.9    23.1    23.6    22.9
 1959    24.0    23.2    23.5    23.9    23.1    21.0    21.1    21.3    21.8    22.1    22.9    23.4    23.5    21.1    22.3    22.8    22.6
 1960    22.5    22.4    22.8    23.3    22.6    21.3    20.5    20.9    21.6    22.7    23.0    23.1    22.9    20.9    22.4    23.0    22.2
 1961    23.2    22.7    23.6    24.2    23.5    21.3    21.2    20.8    21.4    22.7    23.0    23.0    23.8    21.1    22.4    23.0    22.6
 1962    22.8    23.1    23.7    24.1    22.8    20.8    20.6    21.2    22.0    22.3    23.4    23.5    23.5    20.9    22.6    23.3    22.5
 1963    23.2    23.1    23.4    23.7    22.7    21.3    20.6    20.9    22.5    23.0    23.5    23.3    23.3    20.9    23.0    23.5    22.6
 1964    23.9    23.3    23.9    23.2    22.8    20.9    20.3    20.9    21.7    22.1    22.8    22.9    23.3    20.7    22.2    22.8    22.4
 1965    23.0    22.5    23.4    23.1    22.7    21.4    20.4    21.1    22.3    22.9    23.7    23.2    23.1    21.0    23.0    23.4    22.5
 1966    23.4    23.5    23.8    23.9    23.5    22.1    20.8    21.4    22.1    22.8    23.1    23.0    23.7    21.4    22.6    23.1    22.8
 1967    23.1    23.2    23.6    24.3    23.0    21.5    20.4    20.9    21.8    22.7    23.2    23.2    23.6    20.9    22.6    22.9    22.6
 1968    22.9    22.5    23.0    23.4    22.3    20.4    20.1    20.5    22.2    22.3    23.7    23.6    22.9    20.3    22.7    23.6    22.2
 1969    23.4    23.9    24.6    24.9    23.5    21.6    21.0    21.7    22.3    23.6    23.7    23.7    24.3    21.5    23.2    23.6    23.2
 1970    23.4    23.8    23.7    24.3    23.0    21.6    20.7    21.3    21.8    23.3    23.2    23.1    23.7    21.2    22.8    23.0    22.8
 1971    23.0    22.9    23.1    23.7    22.9    21.2    20.4    20.4    21.6    22.0    22.8    22.4    23.2    20.7    22.1    22.6    22.2
 1972    22.9    22.5    23.4    23.5    23.4    20.6    20.9    20.6    22.1    23.1    22.9    23.3    23.4    20.7    22.7    23.6    22.4
 1973    23.4    24.2    24.4    24.0    22.7    21.4    20.4    20.9    21.7    23.0    22.9    22.7    23.7    20.9    22.6    22.8    22.6
 1974    22.8    22.7    23.4    23.6    22.6    20.7    20.6    21.0    21.3    22.4    22.8    22.8    23.2    20.7    22.2    22.6    22.2
 1975    22.5    22.5    23.3    23.7    23.0    21.1    20.0    20.7    21.3    22.0    22.6    22.6    23.3    20.6    22.0    22.6    22.1
 1976    22.9    22.3    23.4    23.7    23.1    20.8    20.1    20.4    22.3    23.2    23.0    23.0    23.4    20.4    22.8    23.3    22.4
 1977    23.5    23.3    24.0    24.3    23.3    20.9    20.9    21.5    22.5    23.2    23.3    23.8    23.8    21.1    23.0    23.7    22.9
 1978    23.5    23.8    24.5    24.5    23.3    21.5    20.7    21.2    22.1    23.3    23.6    23.7    24.1    21.1    23.0    23.5    23.0
 1979    23.7    23.0    23.8    24.0    22.9    21.2    20.7    21.1    21.7    23.1    23.8    23.5    23.6    21.0    22.9    23.4    22.7
 1980    23.5    23.2    24.1    25.0    22.8    21.0    20.6    21.5    22.5    23.2    23.6    23.5    24.0    21.0    23.1    23.5    22.9
 1981    23.4    23.5    24.3    24.5    23.3    21.2    20.2    21.2    22.1    23.0    23.4    23.6    24.0    20.8    22.8    23.5    22.8
 1982    23.7    23.4    23.9    24.6    23.3    21.7    20.8    21.2    22.5    23.0    23.7    23.7    23.9    21.2    23.1    23.9    23.0
 1983    23.6    24.3    25.0    25.1    24.1    21.8    21.4    21.4    22.2    23.3    23.5    23.4    24.7    21.6    23.0    23.2    23.3
 1984    22.8    23.3    23.8    23.8    23.1    22.1    20.5    21.1    21.9    23.1    23.4    23.6    23.6    21.2    22.8    23.6    22.7
 1985    24.0    23.2    23.8    23.6    23.1    21.1    20.6    21.3    22.1    22.7    23.2    23.5    23.5    21.0    22.7    23.4    22.7
 1986    23.4    23.2    23.5    24.0    23.5    21.4    20.5    21.2    22.1    23.4    23.3    23.3    23.7    21.0    22.9    23.6    22.7
 1987    23.7    23.7    23.8    24.0    23.8    21.6    21.0    22.0    22.9    23.5    23.7    24.2    23.9    21.5    23.4    24.0    23.2
 1988    23.9    24.0    24.6    24.6    23.7    22.3    21.0    21.6    22.2    23.3    23.6    23.6    24.3    21.6    23.1    23.6    23.2
 1989    23.8    23.4    23.3    24.2    22.7    21.1    20.5    21.1    22.1    22.9    23.5    23.7    23.4    20.9    22.8    23.6    22.7
 1990    23.6    23.4    23.6    24.8    24.0    21.8    20.5    21.2    21.9    23.2    23.6    23.6    24.1    21.2    22.9    23.5    22.9
 1991    23.6    23.3    24.1    24.3    23.8    21.4    20.9    21.5    22.3    23.2    23.5    23.5    24.1    21.3    23.0    23.4    23.0
 1992    23.3    23.3    24.0    24.3    23.7    21.5    20.5    20.8    21.6    22.7    23.1    23.2    24.0    20.9    22.5    23.2    22.7
 1993    23.2    23.2    23.7    23.9    22.9    21.2    20.6    21.2    21.9    22.5    23.1    23.1    23.5    21.0    22.5    23.1    22.5
 1994    23.1    23.1    23.6    23.8    22.9    21.0    20.4    20.9    21.8    22.6    23.0    23.1    23.4    20.8    22.5    23.2    22.4
 1995    23.2    23.2    23.7    24.0    23.2    21.3    20.7    21.4    22.2    23.1    23.5    23.4    23.6    21.1    22.9    23.3    22.7
 1996    23.2    23.2    23.7    24.0    23.2    21.3    20.4    21.0    22.0    22.7    23.2    23.4    23.6    20.9    22.7    23.3    22.6
 1997    23.4    23.3    23.8    24.2    23.2    21.4    20.6    21.0    22.0    23.0    23.4    23.4    23.7    21.0    22.8    23.5    22.7
 1998    23.4    23.6    24.3    24.6    23.6    21.8    21.1    21.6    22.5    22.9    23.3    23.3    24.1    21.5    22.9    23.1    23.0
 1999    23.2    22.9    23.6    23.8    22.7    21.1    20.4    20.8    21.7    22.6    22.9    23.1    23.4    20.8    22.4    22.9    22.4
 2000    23.0    22.8    23.4    23.7    23.1    21.3    20.4    21.0    21.8    22.7    23.2    23.2    23.4    20.9    22.5    23.1    22.4
 2001    23.0    23.2    23.6    23.9    23.0    21.1    20.5    21.0    21.9    22.8    23.2    23.1    23.5    20.9    22.6    23.1    22.5
 2002    23.1    23.0    23.5    23.9    23.1    21.1    20.5    21.1    21.9    22.7    23.2    23.1    23.5    20.9    22.6    23.1    22.5
 2003    23.1    23.0    23.6    23.9    23.1    21.3    20.5    21.0    22.1    22.9    23.4    23.3    23.5    20.9    22.8    23.3    22.6
 2004    23.4    23.1    23.8    24.0    23.0    21.3    20.5    21.1    22.0    22.9    23.4    23.3    23.6    20.9    22.7    23.2    22.6
 2005    23.2    23.1    23.8    24.2    23.1    21.4    20.6    21.1    22.1    23.0    23.7    23.3    23.7    21.0    22.9    23.3    22.7
 2006    23.3    23.3    23.9    24.4    23.0    21.3    20.6    21.2    22.0    23.0    23.1    23.2    23.8    21.0    22.7    23.1    22.7
 2007    23.1    23.1    23.6    24.0    23.1    21.3    20.5    21.1    21.9    22.9    23.2    23.5    23.5    20.9    22.7    23.4    22.6
 2008    23.4    23.1    23.6    23.9    23.0    21.2    20.5    21.2    22.0    22.8    23.3    23.3    23.5    20.9    22.7    23.1    22.6
 2009    23.2    22.9    23.5    23.7    23.0    21.2    20.6    21.0    21.8    22.8    23.1    23.2    23.4    20.9    22.6    23.1    22.5
 2010    23.2    23.0    23.8    24.1    23.5    21.6    21.0    21.5    22.3    23.3    23.7    23.3    23.8    21.4    23.1    23.2    22.9
 2011    23.1    23.0    23.6    23.9    23.1    21.8    21.0    21.5    22.5    23.2    23.5    23.5    23.5    21.4    23.1    23.3    22.8
 2012    23.3    23.2    24.0    24.3    23.5    21.7    20.8    21.6    22.4    23.3    23.7    23.6    23.9    21.4    23.1    23.6    22.9
 2013    23.5    23.5    24.2    24.3    23.5    21.7    20.8    21.5    22.5    23.3    23.6    23.6    24.0    21.3    23.1    23.6    23.0
 2014    23.6    23.6    24.1    24.3    23.6    21.8    21.1    21.5    22.4    23.3    23.8    23.7    24.0    21.5    23.2    23.4    23.1
 2015    23.5    23.1    24.1    24.3    23.5    21.6    20.9    21.4    22.3    23.4    23.7    23.7    24.0    21.3    23.1    23.6    23.0
 2016    23.7    23.5    24.2    24.3    23.5    21.6    20.9    21.5    22.3    23.2    23.6    23.6    24.0    21.3    23.1  -999.0    23.0
