Climatic Research Unit Country File created on Tue 19 Sep 2017 17:57:34 BST, from CRU TS run #1709081022
Country = New_Zealand          : parameter = Vapour Pressure                : Units = hPa                 
Period = 1901.2016 : missing value = -999.0 : format = (i5,17f8.1)
 YEAR     JAN     FEB     MAR     APR     MAY     JUN     JUL     AUG     SEP     OCT     NOV     DEC     MAM     JJA     SON     DJF     ANN
 1901    12.1    12.0    10.7    11.0     8.7     9.1     7.4     7.5     9.0     9.9     9.7    11.5    10.1     8.0     9.5    12.2     9.9
 1902    12.4    12.8    12.6    10.5     8.0     8.1     6.7     7.3     7.5     7.9     8.9    10.4    10.4     7.4     8.1    11.2     9.4
 1903    11.0    12.3    11.1    10.4     9.2     7.3     7.5     7.2     8.5    10.7    11.6    12.7    10.2     7.3    10.2    12.6    10.0
 1904    12.8    12.3    11.6    10.1     9.0     8.1     7.4     7.4     8.5     8.9     9.7    10.4    10.3     7.6     9.1    11.4     9.7
 1905    11.3    12.6    11.6     9.9     8.8     7.8     7.4     7.4     8.0     8.9    10.2    10.9    10.1     7.5     9.0    11.1     9.6
 1906    10.8    11.5    11.1     9.5     8.7     7.8     7.7     7.4     8.2     9.2     9.7    11.2     9.8     7.6     9.0    12.3     9.4
 1907    12.7    13.2    13.5    11.6     9.3     7.7     7.5     7.8     8.3     8.7    10.7    12.2    11.5     7.7     9.2    12.3    10.2
 1908    12.6    12.3    12.7    10.2     9.2     8.3     7.0     7.1     8.7     9.0    10.1    10.6    10.7     7.5     9.3    11.6     9.8
 1909    11.5    12.8    12.7    10.2     9.6     8.4     8.0     8.0     8.9     9.4    10.8    12.5    10.8     8.1     9.7    13.1    10.2
 1910    13.3    13.6    12.4     9.7     9.5     8.4     7.3     7.7     8.3     9.7    11.0    11.9    10.6     7.8     9.7    11.9    10.2
 1911    11.6    12.2    13.3    12.4     9.2     8.3     7.2     7.9     8.2     8.8     9.6    10.2    11.6     7.8     8.9    10.8     9.9
 1912    11.4    10.8    10.9    10.3     8.3     7.8     7.3     7.1     9.0     9.1    10.2    11.2     9.8     7.4     9.4    11.9     9.5
 1913    12.3    12.1    12.5     9.7     7.9     7.4     7.8     7.9     9.1     9.4    10.0    10.8    10.0     7.7     9.5    12.2     9.7
 1914    13.2    12.6    12.2    10.7     8.2     7.6     7.3     7.2     8.1     9.0     9.8    10.3    10.4     7.4     9.0    11.7     9.7
 1915    12.4    12.4    11.5     9.9     8.9     7.9     8.0     7.9     9.5    10.4    10.5    12.1    10.1     7.9    10.1    12.8    10.1
 1916    12.7    13.5    14.1    11.3     9.7     8.9     7.9     8.0     8.8     9.7    11.3    12.7    11.7     8.3     9.9    13.0    10.7
 1917    13.5    12.9    12.2    11.6     9.7     8.2     8.3     7.8     9.2     9.8    10.6    11.2    11.2     8.1     9.9    12.5    10.4
 1918    12.6    13.8    12.3    10.9     8.9     8.1     6.7     7.6     8.2     9.3     9.8    10.5    10.7     7.5     9.1    11.6     9.9
 1919    11.4    12.9    11.3    10.1     8.3     7.8     7.4     7.7     7.8     9.0     9.4    10.2     9.9     7.7     8.7    11.6     9.5
 1920    11.6    12.9    11.8    10.8     8.5     8.0     7.6     7.4     8.2     9.5     9.9    11.6    10.3     7.7     9.2    12.0     9.8
 1921    12.1    12.2    12.0     9.8     9.1     8.4     7.6     7.8     8.8     9.9    10.4    11.4    10.3     8.0     9.7    12.5    10.0
 1922    12.8    13.2    11.5    10.5     9.3     7.3     7.1     7.8     8.3    10.2    10.1    11.9    10.4     7.4     9.5    12.1    10.0
 1923    13.0    11.6    11.0     9.2     9.1     7.8     7.1     7.1     8.7     9.5    11.3    12.3     9.8     7.3     9.8    12.9     9.8
 1924    12.8    13.6    13.0    12.3     9.1     8.1     7.2     7.7     9.3    10.2    10.9    11.4    11.5     7.7    10.1    12.0    10.5
 1925    12.5    12.2    11.1    10.0     8.8     7.7     7.6     7.4     8.2     9.4     9.7    11.0     9.9     7.6     9.1    11.8     9.6
 1926    12.7    11.6    10.9    11.4     9.3     7.5     7.4     7.6     8.2     9.7     9.7    11.0    10.5     7.5     9.2    12.1     9.8
 1927    12.7    12.7    11.8     9.7     8.4     7.1     7.5     7.3     8.4     9.2     9.8    10.9    10.0     7.3     9.1    12.3     9.6
 1928    12.4    13.6    13.0    12.2     9.7     8.0     7.9     7.8     8.4     9.5    10.1    11.7    11.6     7.9     9.3    12.1    10.4
 1929    12.6    12.0    12.3    10.3     8.5     8.7     7.2     7.5     7.7     9.0    10.6    11.5    10.4     7.8     9.1    11.7     9.8
 1930    11.7    12.0    11.0    10.3     8.4     7.5     6.7     7.7     7.9     8.5     9.3    11.0     9.9     7.3     8.6    11.3     9.3
 1931    12.0    11.0    11.3    10.4     8.5     7.5     7.5     7.4     7.7     9.1    10.7    11.4    10.0     7.4     9.2    11.8     9.5
 1932    11.3    12.6    11.8    11.0     8.5     7.8     6.7     6.8     8.2     9.9    10.2    11.2    10.4     7.1     9.4    12.6     9.7
 1933    13.0    13.5    12.0    10.4     8.9     7.4     7.5     7.6     8.5     9.0     9.9    11.8    10.5     7.5     9.1    11.9    10.0
 1934    11.3    12.6    11.5    10.9     8.6     8.0     7.0     7.8     8.5     9.2    11.1    13.5    10.3     7.6     9.6    13.9    10.0
 1935    13.9    14.4    13.0    11.5     8.6     8.0     7.2     7.7     7.4     9.6     9.5    13.1    11.0     7.6     8.8    12.9    10.3
 1936    12.9    12.7    11.0    11.2     8.2     7.7     7.1     8.2     8.1    10.0    10.5    11.0    10.1     7.7     9.6    11.4     9.9
 1937    11.9    11.3    12.1    10.2     9.1     7.3     6.9     7.8     8.4     8.5    10.5    12.6    10.5     7.3     9.1    13.8     9.7
 1938    13.3    15.6    13.5    13.0     9.7     7.9     7.1     7.8     8.4     9.5    11.0    10.9    12.1     7.6     9.6    11.1    10.6
 1939    10.9    11.6    12.1    10.6     9.0     8.6     6.8     7.5     8.3     8.9    10.4    11.9    10.6     7.7     9.2    12.3     9.7
 1940    13.3    11.7    10.8     9.4     8.4     7.7     7.1     8.0     8.8     9.1     9.8    12.1     9.5     7.6     9.2    12.6     9.7
 1941    13.1    12.6    12.8     9.6     8.8     7.1     7.4     7.1     8.1     8.8    10.0    11.3    10.4     7.2     9.0    11.7     9.7
 1942    11.6    12.4    11.9    10.8     9.4     7.8     7.9     7.9     8.6     9.9    10.3    10.8    10.7     7.9     9.6    11.9     9.9
 1943    12.4    12.7    10.8    10.4     8.3     8.2     7.0     7.0     8.3     9.1    10.6    11.9     9.8     7.4     9.4    12.4     9.7
 1944    12.3    12.9    12.4    11.8     8.4     7.7     7.4     7.5     8.1     9.2    10.0    10.6    10.9     7.6     9.1    12.2     9.9
 1945    13.0    13.0    11.2    10.5     8.5     7.2     6.8     8.5     8.4     8.3    10.5     9.7    10.1     7.5     9.0    11.0     9.6
 1946    11.3    12.0    12.5    10.9     9.6     8.3     8.0     7.9     8.5     8.8     9.0    10.5    11.0     8.1     8.8    11.2     9.8
 1947    11.2    11.8    11.8    10.5     8.8     8.0     7.3     7.8     8.4     9.6    10.2    12.1    10.3     7.7     9.4    12.6     9.8
 1948    13.1    12.6    12.4    10.8     9.3     7.6     8.0     7.6     8.6     9.3    10.1    11.2    10.8     7.7     9.4    12.2    10.1
 1949    11.7    13.7    11.3     9.4     8.9     8.3     8.2     7.6     8.0    10.2    10.1    11.0     9.8     8.0     9.4    11.7     9.9
 1950    12.4    11.6    11.4    10.3    10.4     8.0     7.4     7.1     8.5     9.8    10.8    11.6    10.7     7.5     9.7    12.2     9.9
 1951    12.5    12.5    12.5    11.2     8.4     7.0     7.4     7.2     8.3     9.7    10.6    10.8    10.7     7.2     9.5    11.8     9.8
 1952    11.4    13.3    11.5    10.6     8.9     8.1     6.8     8.1     8.6     9.7    10.8    12.3    10.3     7.6     9.7    12.2    10.0
 1953    12.0    12.2    11.8    10.6     9.2     8.0     7.2     7.8     8.6     9.1    11.4    12.1    10.5     7.7     9.7    12.7    10.0
 1954    12.2    13.9    13.3    10.0     9.4     8.6     7.3     7.5     8.0     8.8    11.8    12.3    10.9     7.8     9.5    13.1    10.3
 1955    12.6    14.6    12.8    11.5     9.8     7.9     7.1     8.1     8.8    10.2    10.3    12.4    11.4     7.7     9.8    13.5    10.5
 1956    15.0    13.2    11.6    13.7     9.8     8.6     7.6     7.7     8.6    10.2    11.0    12.1    11.7     7.9     9.9    12.8    10.8
 1957    12.5    13.8    13.5    11.3     9.7     7.9     7.2     8.2     8.5     9.0    10.5    11.1    11.5     7.8     9.3    12.5    10.3
 1958    12.0    14.5    13.2     9.9     9.2     7.8     7.1     7.8     8.0    10.6    10.8    13.1    10.8     7.6     9.8    13.2    10.3
 1959    13.5    13.0    12.7    10.9     7.9     7.3     7.4     7.7     8.8     9.1    10.5    12.9    10.5     7.5     9.5    13.0    10.1
 1960    13.0    13.1    11.7    10.5     9.4     8.4     7.5     7.5     9.1    10.1    10.6    11.2    10.6     7.8     9.9    12.3    10.2
 1961    12.8    13.0    11.8    10.6     8.8     7.8     7.4     7.6     8.4    10.4    10.7    12.6    10.4     7.6     9.9    13.2    10.2
 1962    14.1    12.9    12.7    10.8    10.4     8.9     8.0     7.9     8.6    10.7    10.6    11.7    11.3     8.3    10.0    13.0    10.6
 1963    13.1    14.2    11.8     9.8     8.8     7.8     7.5     7.2     8.8     9.6     9.8    11.0    10.1     7.5     9.4    11.7     9.9
 1964    11.5    12.7    12.2    10.4     8.6     8.0     8.1     7.7     8.4     9.4    10.4    12.4    10.4     7.9     9.4    12.8    10.0
 1965    14.0    12.2    12.3    10.5     8.7     7.8     6.9     7.7     8.6     8.8    10.2    11.6    10.5     7.5     9.2    13.1     9.9
 1966    12.8    14.7    13.2    10.8     8.6     7.7     7.4     7.3     8.5     9.1    10.1    11.5    10.8     7.5     9.2    12.1    10.1
 1967    12.5    12.2    12.9    10.8     9.2     7.3     7.1     8.9     8.2     9.8    10.4    12.2    10.9     7.8     9.4    12.4    10.1
 1968    12.3    12.6    14.6    11.2     9.7     8.3     7.1     8.0     8.1     9.1     9.8    11.3    11.8     7.8     9.0    12.1    10.2
 1969    12.4    12.6    11.9    10.3     9.3     7.2     6.9     7.8     9.6     8.7    11.0    13.3    10.5     7.3     9.8    13.4    10.1
 1970    14.2    12.6    13.5    11.3     8.6     8.4     7.9     8.3     9.2    10.0    11.0    12.2    11.1     8.2    10.1    13.7    10.6
 1971    14.2    14.5    12.6    11.2    10.1     9.4     7.6     8.6     8.9     9.7    10.6    12.6    11.3     8.5     9.7    12.5    10.8
 1972    12.4    12.4    13.7    11.2     8.9     7.1     7.7     7.2     9.1     9.9    12.1    11.1    11.3     7.3    10.4    12.3    10.2
 1973    12.8    13.2    12.9    11.0     9.5     8.2     7.3     8.0     9.3     9.8    11.4    12.2    11.1     7.9    10.2    13.1    10.5
 1974    12.2    15.1    11.5    11.7     9.2     8.0     8.1     7.6     9.3     9.8    11.2    13.3    10.8     7.9    10.1    14.1    10.6
 1975    14.7    14.3    14.0    11.4     9.9     7.5     7.1     8.4     8.6     9.9    10.3    11.1    11.8     7.7     9.6    11.9    10.6
 1976    13.3    11.2    12.5    10.9     8.6     7.4     7.4     8.3     8.4     9.2     9.8    12.4    10.7     7.7     9.1    12.4    10.0
 1977    12.3    12.4    12.4    10.8     8.2     8.1     7.8     7.9     7.8     9.3    10.0    11.1    10.5     7.9     9.0    12.7     9.8
 1978    13.3    13.6    12.5    13.1     9.4     7.9     7.9     8.1     8.8     8.9    10.7    12.2    11.7     8.0     9.4    12.8    10.5
 1979    13.0    13.1    14.1    10.9     9.1     8.4     7.8     7.7     9.1     9.9    11.4    12.2    11.3     8.0    10.2    13.0    10.6
 1980    13.3    13.6    12.2    10.6     9.5     8.0     7.6     7.9     9.3    10.3    10.2    12.2    10.8     7.8     9.9    13.4    10.4
 1981    13.9    14.2    14.0    12.0     8.9     8.9     7.7     7.7     8.7     9.7    11.3    13.8    11.6     8.1     9.9    13.5    10.9
 1982    13.1    13.6    12.4     9.8     9.3     7.6     7.1     7.8     8.5     8.7    11.6    11.1    10.5     7.5     9.6    11.8    10.0
 1983    11.9    12.3    12.4    11.0     9.2     8.3     7.2     8.1     9.1    10.4    10.6    11.6    10.9     7.8    10.0    12.0    10.2
 1984    11.6    12.9    13.7    10.8     8.7     8.4     8.1     8.8     8.8     9.4    11.8    13.3    11.1     8.4    10.0    13.5    10.5
 1985    14.3    13.0    12.5    10.9     9.0     8.7     8.3     7.7     9.1     9.0    10.7    13.4    10.8     8.2     9.6    14.1    10.6
 1986    14.9    13.9    12.4    11.5     9.1     7.9     7.2     7.6     8.7    10.5    10.9    12.5    11.0     7.6    10.0    13.0    10.6
 1987    13.9    12.6    12.2    11.1     9.7     8.5     7.8     8.6     9.1    10.1    11.3    12.5    11.0     8.3    10.2    13.2    10.6
 1988    12.7    14.5    11.9    10.1     8.9     8.6     8.3     8.3    10.0    10.8    11.7    13.1    10.3     8.4    10.8    13.8    10.7
 1989    14.8    13.5    12.9    10.9     9.8     8.3     7.1     8.4     9.6    10.8    11.5    12.1    11.2     7.9    10.6    13.4    10.8
 1990    13.3    14.6    13.4    11.5     9.6     8.2     7.9     8.4     8.2    10.0    11.1    12.5    11.5     8.2     9.8    13.0    10.7
 1991    13.4    13.1    12.4    10.4     9.1     7.8     7.1     8.6     9.3     9.5     9.8    11.6    10.7     7.9     9.5    12.4    10.2
 1992    13.1    12.6    10.9     9.3     8.2     7.5     8.0     7.8     8.0     9.1    11.4    11.8     9.4     7.8     9.5    12.0     9.8
 1993    12.0    12.3    11.5    10.0     9.2     8.9     7.6     7.4     8.2     9.9    10.0    11.6    10.2     8.0     9.3    12.9     9.9
 1994    13.6    13.5    11.5    10.6     9.6     7.9     7.3     8.1     8.4     9.0    10.7    11.9    10.6     7.8     9.4    12.9    10.2
 1995    12.9    14.0    12.6    12.5     9.6     8.4     7.3     7.8     8.9     9.7    10.3    13.4    11.6     7.8     9.6    13.7    10.6
 1996    13.9    13.8    12.0    12.0     9.0     7.7     7.7     7.6     9.7    10.0    10.2    11.7    11.0     7.7    10.0    12.6    10.4
 1997    12.1    13.8    12.1    10.3     9.8     8.1     7.2     7.8     8.6     9.8    10.9    11.8    10.8     7.7     9.8    13.7    10.2
 1998    13.6    15.5    13.8    11.3     9.8     8.5     8.8     8.0     9.3    10.9    10.9    12.8    11.7     8.4    10.4    13.8    11.1
 1999    14.7    13.8    14.3    11.2    10.2     8.4     8.0     7.8     9.0    10.6    11.6    11.7    11.9     8.1    10.4    12.7    10.9
 2000    13.0    13.3    12.3    11.5    10.0     8.7     8.7     8.0     9.0    10.0     9.4    13.1    11.2     8.5     9.5    13.0    10.6
 2001    12.0    13.9    12.4    10.8    10.2     8.0     7.0     8.4     9.4    11.0    11.4    13.9    11.1     7.8    10.6    13.3    10.7
 2002    13.5    12.7    12.9    10.9     9.8     9.4     8.0     8.3     9.2     8.7    10.2    12.2    11.2     8.5     9.4    12.4    10.5
 2003    12.6    12.5    13.3    10.8     9.8     9.3     7.0     7.9     9.0     9.3    10.2    12.4    11.3     8.1     9.5    13.1    10.3
 2004    13.8    13.0    11.5     9.8     9.9     8.8     7.2     7.4     8.3     9.7    10.9    10.5    10.4     7.8     9.6    12.9    10.1
 2005    13.4    14.8    13.1    10.3     9.9     8.0     8.5     8.3     9.3     9.6    10.7    14.0    11.1     8.3     9.9    13.8    10.8
 2006    13.5    14.0    12.5    12.5     9.9     7.9     8.0     8.3     9.7    10.3    11.5    12.1    11.6     8.1    10.5    13.3    10.8
 2007    14.0    13.9    13.5    11.3    10.4     8.4     8.2     8.6     9.4    10.0    11.0    13.3    11.7     8.4    10.1    13.9    11.0
 2008    14.1    14.2    13.5    11.7     9.1     8.7     8.3     8.5     9.6    10.0    11.4    13.1    11.4     8.5    10.3    13.9    11.0
 2009    14.0    14.5    12.9    11.6     9.1     8.3     7.9     9.0     9.1     9.8    11.3    12.7    11.2     8.4    10.1    13.8    10.9
 2010    14.0    14.5    13.0    11.9    10.0     8.6     7.7     8.9     9.6     9.8    11.6    14.0    11.6     8.4    10.4    14.2    11.1
 2011    14.2    14.5    12.7    11.3    10.6     8.9     7.8     7.8     8.7    10.3    11.2    13.0    11.5     8.2    10.1    13.4    10.9
 2012    13.4    13.9    12.4    11.2     9.1     8.1     7.9     8.6     9.2     9.8    10.6    12.9    10.9     8.2     9.9    13.1    10.6
 2013    13.2    13.3    13.0    11.9     9.6     8.7     7.9     8.8     9.3    10.2    11.6    12.9    11.5     8.5    10.4    13.3    10.9
 2014    13.2    13.7    12.7    12.2     9.4     8.9     7.9     8.3     9.1     9.8    10.9    13.0    11.4     8.4     9.9    13.5    10.8
 2015    13.8    13.7    13.2    11.6     9.6     8.6     7.7     8.2     8.9    10.2    11.0    12.5    11.5     8.2    10.0    13.7    10.8
 2016    14.0    14.7    13.5    11.6    10.2     8.6     8.0     8.3     9.5    10.4    11.5    12.6    11.8     8.3    10.5  -999.0    11.1
