Climatic Research Unit Country File created on Tue 19 Sep 2017 17:57:34 BST, from CRU TS run #1709081022
Country = Norfolk_Isl          : parameter = Vapour Pressure                : Units = hPa                 
Period = 1901.2016 : missing value = -999.0 : format = (i5,17f8.1)
 YEAR     JAN     FEB     MAR     APR     MAY     JUN     JUL     AUG     SEP     OCT     NOV     DEC     MAM     JJA     SON     DJF     ANN
 1901    21.0    21.6    21.0    18.7    16.5    15.4    13.9    13.8    14.3    15.6    17.4    19.1    18.7    14.4    15.8    20.6    17.4
 1902    21.0    21.6    21.0    18.7    16.5    15.4    13.9    13.8    14.3    15.6    17.4    19.1    18.7    14.4    15.8    20.6    17.4
 1903    21.0    21.6    21.0    18.7    16.5    15.4    13.9    13.8    14.3    15.6    17.4    19.1    18.7    14.4    15.8    20.6    17.4
 1904    21.0    21.6    21.0    18.7    16.5    15.4    13.9    13.8    14.3    15.6    17.4    19.1    18.7    14.4    15.8    20.6    17.4
 1905    21.0    21.6    21.0    18.7    16.5    15.4    13.9    13.8    14.3    15.6    17.4    19.1    18.7    14.4    15.8    20.6    17.4
 1906    21.0    21.6    21.0    18.7    16.5    15.4    13.9    13.8    14.3    15.6    17.4    19.1    18.7    14.4    15.8    20.6    17.4
 1907    21.0    21.6    21.0    18.7    16.5    15.4    13.9    13.8    14.3    15.6    17.4    19.1    18.7    14.4    15.8    20.6    17.4
 1908    21.0    21.6    21.0    18.7    16.5    15.4    13.9    13.8    14.3    15.6    17.4    19.1    18.7    14.4    15.8    20.6    17.4
 1909    21.0    21.6    21.0    18.7    16.5    15.4    13.9    13.8    14.3    15.6    17.4    19.1    18.7    14.4    15.8    20.6    17.4
 1910    21.0    21.6    21.0    18.7    16.5    15.4    13.9    13.8    14.3    15.6    17.4    19.1    18.7    14.4    15.8    20.6    17.4
 1911    21.0    21.6    21.0    18.7    16.5    15.4    13.9    13.8    14.3    15.6    17.4    19.1    18.7    14.4    15.8    20.6    17.4
 1912    21.0    21.6    21.0    18.7    16.5    15.4    13.9    13.8    14.3    15.6    17.4    19.1    18.7    14.4    15.8    20.6    17.4
 1913    21.0    21.6    21.0    18.7    16.5    15.4    13.9    13.8    14.3    15.6    17.4    19.1    18.7    14.4    15.8    20.6    17.4
 1914    21.0    21.6    21.0    18.7    16.5    15.4    13.9    13.8    14.3    15.6    17.4    19.1    18.7    14.4    15.8    22.3    17.4
 1915    23.2    24.6    21.5    19.7    17.0    16.0    15.1    14.8    15.4    16.9    19.3    20.7    19.4    15.3    17.2    21.8    18.7
 1916    21.2    23.4    22.5    20.3    17.0    16.7    14.8    14.3    15.4    17.4    18.8    20.6    19.9    15.3    17.2    21.4    18.5
 1917    21.6    21.9    19.8    19.5    16.7    15.4    14.3    14.2    15.8    16.9    18.2    19.2    18.7    14.6    17.0    20.9    17.8
 1918    21.6    21.8    20.3    19.2    16.1    15.5    13.3    13.4    14.4    16.5    18.2    18.5    18.5    14.1    16.4    20.5    17.4
 1919    20.7    22.2    20.6    18.5    16.5    14.9    14.0    13.6    14.6    16.2    16.7    18.6    18.5    14.2    15.8    20.7    17.3
 1920    21.6    21.9    20.8    18.6    15.9    15.4    14.6    13.7    14.3    16.7    18.9    20.7    18.4    14.6    16.6    21.4    17.8
 1921    21.6    21.9    20.8    18.8    16.9    15.8    14.8    14.1    14.9    15.9    17.2    19.9    18.8    14.9    16.0    20.7    17.7
 1922    21.5    20.8    20.8    18.5    16.5    15.7    14.5    14.5    14.2    16.5    17.9    20.1    18.6    14.9    16.2    21.6    17.6
 1923    22.0    22.7    22.0    19.7    17.4    16.2    14.7    14.5    15.1    16.4    18.3    20.1    19.7    15.1    16.6    21.6    18.3
 1924    22.0    22.7    22.0    19.7    17.4    16.2    14.7    14.5    15.1    16.4    18.3    20.1    19.7    15.1    16.6    21.6    18.3
 1925    22.0    22.7    22.0    19.7    17.4    16.2    14.7    14.5    15.1    16.4    18.3    20.1    19.7    15.1    16.6    21.6    18.3
 1926    22.0    22.7    22.0    19.7    17.4    16.2    14.7    14.5    15.1    16.4    18.3    20.1    19.7    15.1    16.6    21.4    18.3
 1927    22.2    21.9    21.2    19.9    17.0    14.6    14.7    14.6    15.0    15.1    17.1    19.2    19.4    14.6    15.7    20.7    17.7
 1928    21.1    21.8    21.1    18.8    16.6    15.5    14.0    13.9    14.4    15.7    17.5    19.2    18.8    14.5    15.9    21.9    17.5
 1929    23.2    23.3    22.7    18.9    15.9    16.2    13.7    13.9    14.1    16.5    17.9    20.3    19.2    14.6    16.2    21.1    18.0
 1930    22.2    20.9    19.7    18.6    15.9    15.9    13.9    14.1    13.9    15.8    17.4    19.4    18.1    14.6    15.7    21.0    17.3
 1931    21.4    22.2    21.0    19.9    17.1    15.2    14.9    14.0    14.4    15.9    19.5    20.7    19.3    14.7    16.6    21.3    18.0
 1932    21.2    21.9    21.4    20.4    15.8    15.2    13.8    13.8    15.2    16.8    18.2    19.9    19.2    14.3    16.7    21.9    17.8
 1933    22.9    22.9    22.7    19.5    17.1    15.4    14.6    13.8    14.7    16.3    17.5    20.7    19.8    14.6    16.2    20.5    18.2
 1934    19.8    20.9    20.7    19.4    16.0    15.4    13.5    14.0    14.7    15.6    18.1    20.7    18.7    14.3    16.1    22.7    17.4
 1935    23.4    23.9    21.6    18.9    16.0    15.2    14.1    13.7    14.1    16.0    15.6    20.3    18.8    14.3    15.2    21.5    17.7
 1936    22.3    21.8    20.2    18.6    16.5    15.6    13.5    13.7    13.8    16.2    17.2    19.2    18.4    14.3    15.7    20.6    17.4
 1937    21.0    21.5    20.7    17.9    16.2    15.1    13.2    13.7    13.9    16.0    18.2    20.7    18.3    14.0    16.0    22.1    17.3
 1938    21.9    23.6    22.3    19.9    17.2    15.7    14.2    13.9    14.4    15.9    19.3    19.8    19.8    14.6    16.5    21.3    18.2
 1939    21.8    22.4    21.8    20.1    17.0    16.6    13.4    13.1    13.4    14.0    15.9    17.1    19.6    14.4    14.4    18.4    17.2
 1940    18.8    19.4    18.7    16.8    14.8    13.8    12.5    12.6    13.2    14.9    16.4    18.1    16.8    13.0    14.8    19.6    15.8
 1941    20.2    20.4    19.3    16.8    15.1    14.0    13.1    12.9    14.1    14.1    15.9    17.8    17.1    13.3    14.7    18.6    16.1
 1942    18.4    19.6    21.6    18.7    15.8    15.6    14.4    13.7    14.2    16.4    16.5    18.2    18.7    14.6    15.7    19.5    16.9
 1943    19.9    20.5    19.1    17.9    15.0    14.6    13.3    13.0    13.7    15.0    16.7    20.1    17.3    13.6    15.1    21.2    16.6
 1944    21.4    22.0    20.2    18.5    16.3    14.2    14.2    13.7    13.7    15.1    16.9    19.5    18.3    14.0    15.2    20.6    17.1
 1945    21.3    21.0    20.4    18.8    15.4    15.1    13.8    14.2    14.2    14.6    17.1    18.3    18.2    14.4    15.3    20.2    17.0
 1946    19.7    22.5    21.2    19.4    16.6    15.5    13.5    13.4    14.3    14.2    16.2    18.2    19.1    14.1    14.9    19.3    17.1
 1947    19.5    20.2    19.8    17.7    16.0    15.1    13.0    13.2    14.3    15.2    16.8    18.6    17.8    13.8    15.4    21.1    16.6
 1948    22.2    22.4    21.7    19.4    16.0    14.6    13.0    13.5    15.2    15.7    16.3    18.7    19.0    13.7    15.7    20.5    17.4
 1949    20.1    22.6    22.4    17.2    15.7    15.3    14.6    12.9    14.1    16.1    16.1    19.0    18.4    14.3    15.4    20.9    17.2
 1950    21.4    22.2    20.4    18.6    17.9    16.8    14.6    14.2    14.5    15.5    17.9    20.4    19.0    15.2    16.0    20.8    17.9
 1951    21.1    20.9    20.4    18.2    15.2    14.4    13.2    13.4    13.6    15.7    16.9    18.2    17.9    13.7    15.4    20.0    16.8
 1952    20.4    21.3    21.3    19.1    16.8    15.9    13.6    13.4    13.1    16.1    16.5    17.5    19.1    14.3    15.2    19.1    17.1
 1953    18.4    21.4    20.1    17.7    16.9    15.5    12.9    13.9    14.0    15.5    18.8    21.5    18.2    14.1    16.1    22.4    17.2
 1954    22.8    22.8    20.8    18.5    16.7    15.6    14.6    13.1    14.6    15.2    18.3    20.3    18.7    14.4    16.0    21.5    17.8
 1955    20.5    23.6    22.8    20.3    18.6    16.4    13.2    14.0    15.4    16.3    17.5    19.8    20.6    14.5    16.4    21.7    18.2
 1956    22.3    23.0    21.9    19.6    17.1    16.0    13.2    13.0    13.7    15.1    16.5    20.0    19.5    14.1    15.1    21.1    17.6
 1957    21.1    22.2    20.5    18.0    15.0    13.6    13.2    14.1    13.1    14.4    17.2    18.0    17.8    13.6    14.9    20.8    16.7
 1958    21.1    23.2    22.5    17.7    16.1    16.1    13.5    14.5    14.2    15.1    16.2    19.4    18.8    14.7    15.2    21.2    17.5
 1959    22.8    21.4    19.6    17.9    14.9    14.5    14.0    13.7    14.9    14.9    18.2    21.0    17.5    14.1    16.0    21.1    17.3
 1960    20.9    21.4    19.9    17.2    17.4    16.9    13.8    13.2    14.6    15.2    16.3    17.7    18.2    14.6    15.4    19.3    17.0
 1961    19.4    20.9    20.2    18.8    15.3    15.3    14.4    13.6    13.6    16.0    18.0    20.0    18.1    14.4    15.9    21.8    17.1
 1962    23.0    22.3    21.0    19.0    17.4    15.3    13.9    13.6    14.4    15.9    16.5    18.9    19.1    14.3    15.6    21.0    17.6
 1963    21.4    22.7    21.5    18.1    16.9    15.1    14.0    13.5    14.2    15.2    16.3    18.3    18.8    14.2    15.2    20.3    17.3
 1964    21.0    21.5    21.5    19.3    15.8    16.0    14.6    14.1    13.9    15.0    16.3    18.2    18.9    14.9    15.1    19.4    17.3
 1965    19.9    20.2    18.9    18.4    15.0    14.6    13.1    13.0    14.2    14.9    16.8    18.2    17.4    13.6    15.3    20.5    16.4
 1966    20.4    23.0    21.0    18.0    15.0    14.8    13.4    13.2    14.2    14.7    16.3    18.3    18.0    13.8    15.1    19.9    16.9
 1967    19.9    21.6    21.5    19.1    16.6    15.9    14.6    14.5    14.0    15.9    17.3    18.9    19.1    15.0    15.7    20.2    17.5
 1968    20.9    20.9    22.0    18.7    16.9    14.4    13.2    13.6    13.2    15.0    17.3    17.8    19.2    13.7    15.2    19.4    17.0
 1969    19.8    20.7    19.5    17.7    16.3    15.2    13.1    13.5    14.3    14.4    17.3    19.3    17.8    13.9    15.3    21.0    16.8
 1970    22.4    21.3    21.2    18.6    16.0    15.3    13.8    14.6    14.6    16.2    17.7    19.3    18.6    14.6    16.2    21.4    17.6
 1971    22.2    22.7    20.5    18.0    16.6    15.5    13.7    14.4    15.2    16.6    16.9    18.7    18.4    14.5    16.2    20.0    17.6
 1972    20.1    21.1    22.9    18.6    16.1    14.6    13.5    13.3    14.4    16.8    18.8    18.5    19.2    13.8    16.7    20.5    17.4
 1973    21.5    21.4    20.9    18.5    17.3    16.9    14.8    14.9    15.4    16.7    18.4    20.2    18.9    15.5    16.8    21.9    18.1
 1974    21.7    23.8    21.5    19.2    17.0    15.9    14.6    13.7    14.4    15.4    17.6    19.3    19.2    14.7    15.8    20.8    17.8
 1975    20.5    22.7    22.6    19.3    16.8    15.6    13.8    14.4    14.9    16.3    17.7    20.6    19.6    14.6    16.3    21.1    17.9
 1976    22.3    20.4    21.6    18.5    15.6    14.8    13.4    13.9    13.6    15.2    16.5    18.9    18.6    14.0    15.1    19.7    17.1
 1977    19.3    21.0    20.8    17.8    16.3    14.4    13.6    13.6    12.7    15.0    17.9    18.2    18.3    13.9    15.2    19.9    16.7
 1978    20.5    21.0    20.7    18.7    16.1    15.7    14.0    13.8    14.3    14.5    17.5    18.7    18.5    14.5    15.4    20.1    17.1
 1979    21.1    20.4    21.4    18.6    16.5    16.1    14.0    13.2    14.2    15.0    17.8    19.8    18.8    14.4    15.7    21.2    17.3
 1980    21.9    21.9    18.8    17.9    16.5    15.5    14.0    13.2    14.4    15.6    16.1    17.9    17.7    14.2    15.4    20.7    17.0
 1981    20.7    23.6    22.5    18.9    16.8    15.8    14.0    13.2    13.6    14.8    16.2    20.9    19.4    14.3    14.9    21.4    17.6
 1982    21.4    21.8    20.4    17.2    15.6    14.3    13.2    12.7    14.1    14.5    16.9    18.3    17.7    13.4    15.2    19.4    16.7
 1983    19.7    20.1    21.2    20.1    17.2    15.8    13.3    13.7    15.2    16.2    17.4    18.9    19.5    14.3    16.3    19.7    17.4
 1984    19.8    20.4    21.1    18.1    16.9    16.0    14.8    14.8    14.6    15.3    19.2    20.5    18.7    15.2    16.4    21.3    17.6
 1985    21.5    21.9    20.8    19.9    16.2    15.6    13.9    13.6    14.9    15.7    17.3    19.9    19.0    14.4    16.0    21.5    17.6
 1986    23.0    21.6    20.8    19.1    17.5    14.9    14.0    13.8    13.6    16.0    17.7    18.2    19.1    14.2    15.8    19.9    17.5
 1987    20.5    21.0    19.4    18.4    17.3    15.1    13.6    14.6    14.7    16.4    17.0    18.8    18.4    14.4    16.0    20.3    17.2
 1988    20.9    21.2    20.7    19.2    17.6    16.7    14.8    14.3    15.7    16.9    19.2    20.6    19.2    15.3    17.3    21.6    18.1
 1989    22.1    22.0    21.0    20.0    16.5    16.4    14.2    13.7    14.5    16.2    17.8    18.8    19.2    14.8    16.2    21.3    17.8
 1990    21.7    23.3    22.6    19.5    17.0    15.2    14.2    14.3    14.0    15.9    17.7    20.4    19.7    14.6    15.9    21.3    18.0
 1991    21.9    21.7    20.1    17.7    15.5    15.0    14.4    13.9    14.8    15.5    15.7    18.9    17.8    14.4    15.3    20.8    17.1
 1992    21.1    22.4    20.4    17.7    15.9    15.3    13.7    13.5    14.3    14.4    17.3    19.1    18.0    14.2    15.3    19.9    17.1
 1993    20.5    20.1    20.0    16.9    16.1    14.6    15.2    14.0    14.5    15.7    16.5    18.2    17.7    14.6    15.6    20.7    16.9
 1994    22.8    21.2    19.7    17.9    16.2    14.9    13.2    13.4    13.8    15.2    17.8    19.2    17.9    13.8    15.6    20.8    17.1
 1995    21.7    21.6    20.9    19.6    17.2    14.7    13.9    13.0    15.4    16.0    19.0    20.4    19.2    13.9    16.8    22.4    17.8
 1996    22.2    24.7    21.1    19.9    17.2    15.0    14.7    14.9    15.9    16.4    17.2    20.4    19.4    14.9    16.5    20.5    18.3
 1997    20.3    20.9    20.2    17.1    16.8    15.0    13.5    12.7    14.8    15.2    17.8    22.0    18.0    13.7    15.9    22.6    17.2
 1998    21.7    24.0    23.0    19.9    18.2    16.7    15.6    14.9    15.8    17.2    18.3    19.6    20.4    15.7    17.1    22.3    18.7
 1999    23.1    24.3    22.8    19.3    18.6    15.6    14.6    13.6    15.2    17.3    17.1    18.3    20.2    14.6    16.5    20.1    18.3
 2000    20.6    21.3    19.9    18.6    17.0    14.8    14.9    13.8    14.6    15.9    16.9    19.2    18.5    14.5    15.8    20.7    17.3
 2001    20.9    22.1    22.5    19.6    16.6    14.6    14.3    13.9    15.2    16.9    18.2    20.6    19.6    14.3    16.8    21.6    17.9
 2002    22.0    22.2    20.9    18.5    16.4    15.5    13.7    13.6    14.6    15.4    16.3    18.9    18.6    14.3    15.4    20.2    17.3
 2003    20.4    21.4    20.6    18.8    16.9    16.2    14.0    12.8    14.5    15.6    16.8    20.0    18.8    14.3    15.6    21.5    17.3
 2004    21.7    22.9    20.9    17.4    17.0    15.7    13.8    13.1    14.2    16.2    17.3    19.6    18.4    14.2    15.9    21.0    17.5
 2005    21.3    22.0    20.7    18.6    17.2    15.3    14.5    13.8    14.7    16.2    17.0    20.2    18.8    14.5    16.0    21.1    17.6
 2006    21.3    21.7    20.7    19.3    16.2    14.3    13.5    13.4    14.3    15.1    17.9    17.4    18.7    13.7    15.8    19.4    17.1
 2007    19.7    21.2    21.4    18.2    17.1    16.4    14.3    14.5    15.0    16.2    17.5    19.7    18.9    15.1    16.2    21.3    17.6
 2008    22.1    22.0    21.4    19.0    15.4    15.4    14.7    13.7    14.8    15.4    17.6    19.0    18.6    14.6    15.9    21.3    17.5
 2009    21.0    24.0    21.7    19.3    15.8    15.7    14.0    14.7    15.7    15.3    17.2    19.4    18.9    14.8    16.1    20.8    17.8
 2010    21.1    22.0    20.8    19.3    17.2    15.6    14.0    15.1    15.8    16.4    17.4    21.3    19.1    14.9    16.5    22.2    18.0
 2011    23.0    22.4    22.4    19.2    16.9    16.5    13.9    14.2    14.3    16.3    17.4    20.5    19.5    14.9    16.0    21.4    18.1
 2012    21.1    22.7    21.1    19.4    16.3    15.4    14.8    13.8    14.7    15.9    16.7    20.3    18.9    14.7    15.8    20.9    17.7
 2013    21.1    21.3    20.9    18.8    16.3    15.1    14.4    14.2    15.2    15.9    17.7    18.9    18.7    14.6    16.3    20.5    17.5
 2014    21.3    21.4    19.6    18.5    16.1    16.1    13.8    14.2    15.2    15.7    17.1    21.0    18.1    14.7    16.0    22.1    17.5
 2015    22.4    22.9    21.3    19.8    17.2    15.4    13.9    14.0    15.0    16.1    17.9    19.8    19.4    14.4    16.3    22.5    18.0
 2016    22.2    25.4    22.8    20.6    18.4    16.6    15.2    14.0    15.8    15.7    17.7    19.0    20.6    15.3    16.4  -999.0    18.6
