Climatic Research Unit Country File created on Tue 19 Sep 2017 17:57:34 BST, from CRU TS run #1709081022
Country = St_Vincent           : parameter = Vapour Pressure                : Units = hPa                 
Period = 1901.2016 : missing value = -999.0 : format = (i5,17f8.1)
 YEAR     JAN     FEB     MAR     APR     MAY     JUN     JUL     AUG     SEP     OCT     NOV     DEC     MAM     JJA     SON     DJF     ANN
 1901    25.6    24.3    24.3    27.1    28.6    28.2    28.3    28.5    28.7    27.9    27.2    25.3    26.7    28.3    27.9    24.2    27.0
 1902    24.0    23.4    22.2    25.5    27.4    28.1    28.4    28.6    28.4    28.2    28.4    26.0    25.0    28.4    28.3    24.8    26.6
 1903    24.0    24.3    22.7    25.2    27.4    28.3    28.4    28.7    28.8    28.0    27.3    25.0    25.1    28.5    28.0    23.8    26.5
 1904    23.5    23.0    22.0    24.3    26.6    27.7    27.8    28.0    28.2    27.7    27.8    25.2    24.3    27.8    27.9    23.8    26.0
 1905    23.4    22.7    21.9    25.5    26.4    27.9    27.9    28.2    28.4    28.4    27.8    24.8    24.6    28.0    28.2    23.7    26.1
 1906    23.5    22.7    22.3    25.1    26.9    28.2    28.3    28.5    28.5    28.0    27.8    24.4    24.8    28.3    28.1    23.2    26.2
 1907    22.9    22.4    21.8    24.0    26.2    27.6    27.7    28.0    28.1    27.9    27.3    25.3    24.0    27.8    27.8    24.0    25.8
 1908    24.0    22.8    21.9    24.4    26.7    28.0    28.1    28.3    28.5    27.7    27.3    25.1    24.3    28.1    27.8    24.1    26.1
 1909    23.9    23.4    23.3    25.6    26.8    27.6    27.7    28.0    28.6    27.8    27.5    24.6    25.2    27.8    28.0    23.4    26.2
 1910    23.0    22.5    21.5    24.7    28.1    28.5    29.0    29.1    29.2    28.8    27.8    25.2    24.8    28.9    28.6    23.9    26.4
 1911    23.6    22.9    22.2    24.8    26.1    27.2    27.3    27.6    27.7    28.3    27.6    25.2    24.4    27.4    27.9    24.0    25.9
 1912    23.7    23.2    21.9    24.2    27.6    28.8    28.8    29.1    29.3    27.7    27.0    25.0    24.6    28.9    28.0    23.8    26.4
 1913    23.4    22.9    22.3    24.5    26.5    27.6    27.7    27.9    28.1    27.6    27.2    24.6    24.4    27.7    27.6    23.6    25.9
 1914    23.4    22.9    22.4    24.9    26.2    27.4    27.4    27.7    27.9    27.7    27.7    26.4    24.5    27.5    27.8    24.8    26.0
 1915    24.3    23.7    23.5    25.2    27.5    28.3    28.1    28.4    28.4    28.3    28.0    25.5    25.4    28.3    28.2    24.0    26.6
 1916    23.5    23.0    22.3    24.9    27.0    28.0    28.1    28.3    28.5    28.0    27.4    25.2    24.7    28.1    28.0    24.3    26.2
 1917    24.0    23.6    22.5    25.3    28.0    29.6    29.2    28.7    29.3    29.0    28.7    26.3    25.3    29.2    29.0    24.8    27.0
 1918    24.3    23.7    23.1    25.5    28.2    29.5    29.0    29.7    30.3    29.1    28.3    25.5    25.6    29.4    29.2    24.2    27.2
 1919    23.6    23.5    22.8    25.2    27.3    28.4    28.5    28.8    28.9    28.2    27.6    25.6    25.1    28.6    28.2    24.2    26.5
 1920    23.6    23.4    22.7    25.2    27.0    28.1    28.2    28.5    28.6    28.2    27.5    25.2    25.0    28.3    28.1    24.5    26.4
 1921    24.4    23.9    23.2    24.7    27.9    27.9    27.7    28.7    29.0    27.9    27.7    25.5    25.3    28.1    28.2    24.3    26.5
 1922    24.0    23.3    22.3    25.0    26.7    27.9    28.4    28.5    28.9    28.8    27.7    24.5    24.7    28.3    28.5    23.3    26.3
 1923    23.1    22.4    21.2    24.4    26.9    27.5    27.9    28.5    28.8    28.0    27.6    24.8    24.2    28.0    28.1    23.8    25.9
 1924    23.4    23.2    23.2    25.9    28.1    28.3    28.2    28.4    28.3    27.9    27.3    24.8    25.7    28.3    27.8    23.4    26.4
 1925    22.6    22.8    22.2    25.5    27.9    28.6    28.9    28.5    28.8    29.0    28.0    26.3    25.2    28.7    28.6    25.0    26.6
 1926    24.4    24.2    23.4    26.0    28.7    31.1    29.3    29.2    28.7    28.7    28.3    25.2    26.0    29.9    28.6    23.8    27.3
 1927    23.8    22.5    22.8    24.4    26.7    28.0    28.0    28.3    28.8    28.2    28.4    25.9    24.6    28.1    28.5    24.4    26.3
 1928    23.8    23.4    22.4    25.9    27.2    28.2    28.3    28.8    29.1    28.3    28.0    25.1    25.2    28.4    28.5    23.6    26.5
 1929    22.9    22.8    21.9    24.9    26.1    28.2    28.4    29.5    29.1    29.0    27.8    25.0    24.3    28.7    28.6    23.9    26.3
 1930    23.6    23.2    22.1    24.4    26.4    27.5    27.6    27.8    28.0    27.5    27.2    25.1    24.3    27.6    27.6    24.0    25.9
 1931    23.8    23.2    23.1    25.2    27.0    28.0    27.9    28.1    28.3    28.2    27.5    25.5    25.1    28.0    28.0    24.3    26.3
 1932    23.8    23.5    23.1    26.1    27.5    28.6    28.5    28.8    29.5    28.5    28.1    25.6    25.6    28.6    28.7    24.1    26.8
 1933    24.0    22.7    22.8    26.1    27.8    28.5    28.4    28.4    28.8    28.2    27.4    25.0    25.6    28.4    28.1    23.7    26.5
 1934    23.3    22.9    21.9    26.1    28.2    30.6    29.1    29.8    29.2    28.4    28.6    26.0    25.4    29.8    28.7    24.8    27.0
 1935    24.0    24.5    22.6    25.7    26.7    30.0    28.6    28.4    28.7    28.8    28.9    26.2    25.0    29.0    28.8    25.4    26.9
 1936    25.3    24.8    24.2    26.0    28.9    28.7    28.9    29.6    29.6    28.6    27.1    25.1    26.4    29.1    28.4    24.2    27.2
 1937    24.4    23.1    23.1    25.7    28.4    30.1    29.5    30.5    31.4    29.7    29.1    27.0    25.7    30.0    30.1    25.1    27.7
 1938    24.7    23.7    23.4    25.0    28.1    28.9    28.8    29.4    29.8    29.9    28.0    26.4    25.5    29.0    29.2    24.2    27.2
 1939    23.7    22.5    23.9    24.8    27.0    27.8    28.0    29.1    29.7    29.6    29.1    27.2    25.2    28.3    29.5    25.7    26.9
 1940    24.9    24.9    24.2    27.1    29.8    30.2    29.7    30.0    30.6    29.8    29.4    26.9    27.0    30.0    29.9    26.1    28.1
 1941    25.5    25.9    24.9    27.3    29.5    29.4    29.4    30.3    29.9    29.7    29.3    27.4    27.2    29.7    29.6    26.3    28.2
 1942    26.1    25.5    24.8    27.5    28.7    30.1    29.1    29.6    30.3    29.2    29.9    26.9    27.0    29.6    29.8    25.5    28.1
 1943    25.3    24.4    23.0    26.1    26.9    28.8    29.2    29.0    30.3    29.8    29.4    27.1    25.3    29.0    29.8    25.4    27.4
 1944    24.8    24.3    23.4    25.7    27.5    28.5    29.3    30.4    29.4    29.3    29.3    26.5    25.5    29.4    29.3    24.9    27.4
 1945    24.4    23.9    23.1    25.2    27.7    28.9    29.1    29.4    29.1    29.0    28.4    26.0    25.3    29.1    28.8    24.8    27.0
 1946    24.9    23.4    23.0    25.3    27.1    28.2    28.7    29.3    29.0    29.6    29.6    27.3    25.1    28.7    29.4    25.8    27.1
 1947    25.2    24.8    24.2    26.2    28.1    29.1    28.8    29.7    30.6    31.1    30.0    27.3    26.2    29.2    30.6    26.0    27.9
 1948    25.8    24.9    24.0    26.2    29.6    29.5    29.2    29.4    29.6    29.4    28.9    26.5    26.6    29.4    29.3    25.2    27.8
 1949    24.7    24.4    23.8    26.3    29.0    29.1    28.8    30.4    30.3    29.6    28.7    26.3    26.4    29.4    29.5    25.3    27.6
 1950    24.8    24.7    23.5    26.4    27.6    29.0    29.6    30.0    30.5    30.0    29.8    26.8    25.8    29.5    30.1    24.7    27.7
 1951    23.7    23.5    22.5    25.8    28.0    28.7    28.8    29.2    29.6    28.8    28.5    26.3    25.4    28.9    29.0    24.9    27.0
 1952    24.5    24.0    23.0    26.3    28.3    28.7    28.5    29.1    29.6    30.0    28.1    25.5    25.9    28.8    29.2    24.4    27.1
 1953    24.2    23.5    23.0    25.5    27.4    28.7    29.6    29.4    29.8    28.5    28.8    26.2    25.3    29.2    29.0    24.4    27.1
 1954    23.8    23.2    23.1    25.3    27.3    28.5    28.0    29.0    29.4    28.4    26.6    25.2    25.2    28.5    28.1    24.1    26.5
 1955    23.1    24.1    21.8    24.5    27.2    28.2    27.9    29.5    29.0    29.0    28.4    26.4    24.5    28.5    28.8    25.2    26.6
 1956    24.9    24.3    23.4    25.6    27.2    28.7    28.4    28.5    29.0    28.3    27.8    26.4    25.4    28.5    28.4    24.8    26.9
 1957    24.0    23.9    22.0    24.3    26.7    28.6    29.5    29.9    30.0    29.1    28.8    26.8    24.3    29.3    29.3    25.1    27.0
 1958    24.3    24.2    24.6    27.8    29.1    30.1    29.6    30.1    30.5    29.6    28.3    26.8    27.2    29.9    29.5    25.2    27.9
 1959    24.4    24.3    24.0    26.6    27.7    28.4    28.4    29.0    29.9    29.0    27.6    27.4    26.1    28.6    28.8    25.3    27.2
 1960    24.6    24.0    23.4    25.7    28.1    29.4    28.7    29.5    29.2    28.9    28.2    26.2    25.7    29.2    28.8    25.1    27.2
 1961    25.0    24.1    23.7    25.9    27.8    28.8    29.4    29.6    29.5    29.1    28.4    27.1    25.8    29.3    29.0    25.3    27.4
 1962    25.3    23.6    23.3    26.0    27.9    29.3    29.3    29.3    30.0    29.6    28.4    26.2    25.7    29.3    29.3    25.3    27.4
 1963    25.2    24.5    23.6    26.4    28.0    29.4    29.5    30.7    30.3    29.7    28.7    26.8    26.0    29.9    29.6    25.1    27.7
 1964    23.9    24.7    23.7    26.4    27.1    28.7    29.1    29.5    29.6    28.6    27.8    24.4    25.7    29.1    28.7    24.0    27.0
 1965    24.1    23.6    23.5    24.6    27.8    28.4    29.4    29.4    29.7    29.2    29.3    27.2    25.3    29.1    29.4    25.8    27.2
 1966    25.4    24.7    24.0    26.1    28.2    29.0    29.6    29.8    29.4    29.5    29.7    27.1    26.1    29.5    29.5    25.8    27.7
 1967    25.6    24.6    22.9    25.6    27.8    29.0    28.8    29.1    29.6    29.0    28.0    25.4    25.4    29.0    28.9    24.3    27.1
 1968    24.0    23.4    22.7    25.3    27.2    28.4    28.5    28.9    29.3    28.6    27.8    25.9    25.1    28.6    28.6    24.7    26.7
 1969    24.5    23.8    24.7    27.4    29.7    29.8    29.4    29.1    29.7    28.7    29.1    26.6    27.3    29.4    29.2    25.4    27.7
 1970    25.4    24.2    23.5    26.1    28.6    29.2    28.9    29.1    29.3    29.3    27.4    27.3    26.1    29.1    28.7    25.1    27.4
 1971    24.5    23.5    22.6    25.0    26.8    28.2    28.1    28.1    28.3    27.9    27.7    24.9    24.8    28.1    28.0    24.4    26.3
 1972    24.7    23.7    23.7    25.4    27.2    28.7    29.4    29.1    29.7    29.7    28.7    26.7    25.4    29.1    29.4    25.4    27.2
 1973    25.4    24.2    24.2    25.9    27.6    29.0    29.3    29.6    29.7    29.2    28.1    25.3    25.9    29.3    29.0    25.1    27.3
 1974    25.4    24.6    23.3    25.3    26.4    28.2    28.2    28.7    29.2    28.7    29.1    25.0    25.0    28.4    29.0    24.4    26.8
 1975    24.2    23.9    23.2    24.7    27.3    28.8    28.5    28.9    29.4    28.1    27.6    25.8    25.1    28.7    28.4    24.4    26.7
 1976    23.8    23.6    22.4    25.2    27.1    28.2    28.6    29.5    29.9    29.8    29.1    25.8    24.9    28.8    29.6    24.7    26.9
 1977    24.3    24.1    24.0    25.6    28.1    28.9    28.6    29.9    30.0    29.6    29.6    26.3    25.9    29.1    29.7    24.9    27.4
 1978    23.8    24.6    24.3    27.3    28.6    29.1    29.2    29.5    30.0    29.7    29.0    26.3    26.7    29.3    29.6    24.8    27.6
 1979    23.7    24.5    24.3    27.1    28.8    30.4    30.0    30.1    30.1    30.3    29.6    27.8    26.7    30.2    30.0    26.2    28.1
 1980    25.8    25.1    23.8    26.7    29.3    30.1    30.0    30.6    30.7    29.9    28.9    27.2    26.6    30.2    29.8    26.6    28.2
 1981    25.9    26.8    25.2    28.0    29.9    30.1    29.9    30.1    29.5    30.0    29.6    28.7    27.7    30.0    29.7    26.8    28.6
 1982    25.7    26.0    24.2    27.0    29.5    30.1    29.8    29.6    30.3    29.2    28.9    27.1    26.9    29.8    29.5    26.1    28.1
 1983    26.3    24.9    25.8    27.4    29.9    30.6    30.8    31.0    31.6    29.9    29.0    27.4    27.7    30.8    30.2    26.2    28.7
 1984    25.6    25.5    24.4    26.4    27.8    29.8    29.7    30.1    30.2    29.5    29.1    26.5    26.2    29.9    29.6    24.9    27.9
 1985    23.9    24.2    23.8    25.8    28.8    29.7    29.7    29.9    30.0    29.3    28.8    27.2    26.1    29.8    29.4    25.2    27.6
 1986    25.2    23.2    23.7    27.1    28.5    29.6    29.3    30.4    30.3    29.7    28.5    26.5    26.4    29.8    29.5    25.3    27.7
 1987    25.0    24.5    24.8    28.4    30.2    31.3    31.2    31.7    31.3    31.4    30.5    29.0    27.8    31.4    31.1    27.1    29.1
 1988    26.3    26.1    25.0    27.4    29.6    30.7    31.2    31.0    30.9    30.5    29.5    27.0    27.3    31.0    30.3    26.1    28.8
 1989    25.7    25.7    24.2    26.3    27.9    29.7    30.3    30.7    31.2    30.5    28.5    26.7    26.1    30.2    30.1    26.2    28.1
 1990    26.7    25.1    24.8    27.1    29.4    30.6    30.3    30.4    30.9    31.2    30.1    26.9    27.1    30.4    30.7    26.2    28.6
 1991    26.1    25.7    25.4    27.3    28.6    30.8    30.2    30.5    30.3    28.7    28.8    25.9    27.1    30.5    29.3    25.6    28.2
 1992    25.5    25.3    24.2    27.7    30.0    30.2    29.9    30.0    29.7    29.4    29.4    27.0    27.3    30.0    29.5    25.9    28.2
 1993    26.1    24.5    24.5    28.1    30.4    31.0    30.5    30.2    30.3    29.8    28.8    27.0    27.7    30.6    29.6    26.0    28.4
 1994    25.4    25.5    23.8    26.4    29.2    29.6    29.8    29.7    30.2    29.6    29.2    27.4    26.5    29.7    29.7    25.7    28.0
 1995    24.8    25.0    24.8    27.2    29.2    30.6    30.8    30.7    31.5    30.0    29.6    27.9    27.1    30.7    30.4    26.6    28.5
 1996    25.6    26.2    24.9    27.0    28.5    30.1    30.8    30.2    31.1    30.1    29.7    27.6    26.8    30.4    30.3    26.7    28.5
 1997    25.8    26.6    23.8    26.0    28.6    30.3    30.6    30.6    31.8    31.8    30.3    28.3    26.1    30.5    31.3    27.5    28.7
 1998    27.1    27.2    26.4    29.5    30.4    31.4    30.9    32.1    31.8    31.1    30.4    29.0    28.8    31.5    31.1    26.8    29.8
 1999    26.4    24.9    24.7    27.3    28.8    30.4    30.6    30.6    30.8    30.2    30.7    28.2    26.9    30.5    30.6    26.7    28.6
 2000    26.6    25.4    23.9    26.9    28.2    29.6    30.1    30.9    30.6    30.2    29.5    27.9    26.3    30.2    30.1    26.0    28.3
 2001    25.4    24.8    24.1    26.5    29.9    30.2    30.2    31.9    30.8    30.7    29.6    29.8    26.8    30.8    30.4    27.5    28.7
 2002    27.4    25.3    25.3    27.6    29.2    30.7    30.7    30.9    31.4    30.4    29.6    28.2    27.4    30.8    30.5    27.1    28.9
 2003    26.6    26.6    24.7    28.9    29.7    30.4    31.4    31.1    31.6    31.1    31.2    28.9    27.8    31.0    31.3    27.0    29.4
 2004    26.6    25.6    25.4    28.2    29.0    30.5    31.0    31.5    31.4    31.0    29.6    28.1    27.5    31.0    30.7    27.2    29.0
 2005    27.0    26.4    25.8    29.3    30.8    30.9    31.1    31.6    32.1    31.1    29.7    27.8    28.6    31.2    31.0    26.6    29.5
 2006    26.2    25.7    25.3    27.7    30.5    31.1    31.3    31.7    31.7    31.4    30.4    28.7    27.8    31.4    31.2    27.0    29.3
 2007    26.8    25.4    25.7    28.3    30.3    30.8    31.3    30.5    30.9    30.9    30.0    27.6    28.1    30.9    30.6    26.5    29.0
 2008    26.2    25.6    24.1    27.0    29.0    31.0    31.1    31.8    31.5    30.8    30.7    27.9    26.7    31.3    31.0    26.9    28.9
 2009    26.7    26.2    25.0    27.2    29.3    30.7    31.9    32.5    32.4    31.4    30.9    28.9    27.2    31.7    31.6    27.8    29.4
 2010    27.2    27.4    27.0    30.2    31.3    31.7    32.2    32.3    31.9    31.4    30.3    28.8    29.5    32.1    31.2    27.5    30.1
 2011    27.4    26.4    25.0    27.4    30.6    31.8    31.1    31.4    31.7    31.3    30.2    28.2    27.7    31.4    31.1    27.0    29.4
 2012    26.8    26.1    25.6    27.6    28.9    30.9    31.5    31.3    32.0    31.4    31.2    28.5    27.4    31.2    31.5    27.2    29.3
 2013    26.7    26.3    25.8    27.4    29.7    30.6    31.3    31.5    32.1    31.3    30.4    28.0    27.6    31.1    31.3    27.0    29.3
 2014    26.8    26.3    25.1    27.5    29.2    31.2    31.0    31.0    31.4    31.3    30.6    28.0    27.3    31.1    31.1    27.3    29.1
 2015    27.3    26.6    24.2    27.7    29.3    30.9    31.3    32.4    33.1    32.6    31.6    29.3    27.1    31.5    32.4    27.4    29.7
 2016    26.6    26.3    25.3    29.0    30.6    31.0    31.6    32.3    32.1    32.0    30.9    29.8    28.3    31.6    31.7  -999.0    29.8
