Climatic Research Unit Country File created on Tue 19 Sep 2017 17:57:34 BST, from CRU TS run #1709081022
Country = Greece               : parameter = Ground Frost Frequency         : Units = days                
Period = 1901.2016 : missing value = -999.0 : format = (i5,17f8.1)
 YEAR     JAN     FEB     MAR     APR     MAY     JUN     JUL     AUG     SEP     OCT     NOV     DEC     MAM     JJA     SON     DJF     ANN
 1901    15.0     8.2     2.9     1.5     0.3     0.0     0.0     0.0     0.0     0.3     4.0     3.9     4.6     0.0     4.3    15.7    36.1
 1902     7.8     4.0     6.2     1.7     0.6     0.0     0.0     0.0     0.0     0.2     6.1    12.0     8.6     0.0     6.3    30.0    38.8
 1903    10.8     7.2     4.6     2.9     0.2     0.0     0.0     0.0     0.0     0.4     2.6     4.8     7.6     0.0     3.0    20.4    33.4
 1904    11.3     4.2     6.7     1.7     0.2     0.0     0.0     0.0     0.0     0.4     5.9     8.9     8.5     0.0     6.3    37.7    39.3
 1905    16.2    12.5     6.4     2.2     0.1     0.0     0.0     0.0     0.0     1.0     0.9     7.3     8.7     0.0     1.9    25.8    46.7
 1906    10.5     8.0     3.9     1.8     0.3     0.0     0.0     0.0     0.0     0.6     1.6     8.3     5.9     0.0     2.3    35.3    35.0
 1907    15.1    11.9    13.3     3.7     0.0     0.0     0.0     0.0     0.0     0.0     3.5     5.5    17.1     0.0     3.5    25.7    53.1
 1908    11.7     8.5     6.6     2.8     0.0     0.0     0.0     0.0     0.0     0.9     6.8    10.0     9.4     0.0     7.8    38.6    47.4
 1909    14.5    14.1     4.8     1.5     0.1     0.0     0.0     0.0     0.0     0.3     3.0     3.7     6.4     0.0     3.3    17.7    42.0
 1910     9.4     4.6     8.0     1.9     0.3     0.0     0.0     0.0     0.0     0.5     2.9     4.4    10.2     0.0     3.4    30.0    31.9
 1911    11.7    14.0     6.9     2.6     0.3     0.0     0.0     0.0     0.0     0.3     1.3     6.5     9.7     0.0     1.7    25.1    43.6
 1912    13.5     5.0     2.9     3.2     0.3     0.0     0.0     0.0     0.1     0.9     3.5     6.3     6.4     0.0     4.4    28.4    35.7
 1913    10.6    11.5     4.0     1.8     0.4     0.0     0.0     0.0     0.0     0.4     2.3     7.9     6.1     0.0     2.7    28.7    38.9
 1914    12.9     7.9     3.6     1.6     0.3     0.0     0.0     0.0     0.0     0.9     4.5     5.7     5.5     0.0     5.5    17.8    37.5
 1915     5.3     6.7     5.4     2.1     0.2     0.0     0.0     0.0     0.1     0.4     3.2     3.4     7.7     0.0     3.7    19.8    26.8
 1916     9.2     7.1     2.4     1.6     0.1     0.0     0.0     0.0     0.0     0.3     1.4     3.2     4.2     0.0     1.8    21.0    25.5
 1917     7.0    10.7     5.1     2.0     0.3     0.0     0.0     0.0     0.0     0.2     2.0    11.5     7.4     0.0     2.2    30.4    38.8
 1918     9.1     9.8     7.6     1.9     0.1     0.0     0.0     0.0     0.0     0.2     2.8     6.5     9.6     0.0     3.0    19.4    38.0
 1919     6.3     6.7     3.6     1.2     1.1     0.0     0.0     0.0     0.0     0.3     2.2     7.6     5.9     0.0     2.6    27.8    29.1
 1920     7.9    12.4     4.5     0.7     0.1     0.0     0.0     0.0     0.0     1.5     7.1     7.9     5.3     0.0     8.5    25.8    42.0
 1921     6.7    11.2     6.8     2.6     0.1     0.0     0.0     0.0     0.0     0.7     4.0     8.5     9.5     0.0     4.7    28.6    40.6
 1922    10.9     9.2     2.3     1.2     0.1     0.0     0.0     0.0     0.0     0.3     5.1     9.4     3.7     0.0     5.5    26.1    38.7
 1923     9.9     6.8     4.6     1.9     0.0     0.0     0.0     0.0     0.0     0.1     0.5     5.4     6.6     0.0     0.6    29.5    29.3
 1924    15.5     8.7     6.3     1.0     0.0     0.0     0.0     0.0     0.0     0.6     4.4     8.7     7.3     0.0     5.0    23.9    45.2
 1925    11.4     3.8     5.2     1.7     0.2     0.0     0.0     0.0     0.0     0.3     1.1     7.3     7.1     0.0     1.5    19.1    31.1
 1926     7.3     4.4     5.2     0.9     0.2     0.0     0.0     0.0     0.0     0.2     0.3     5.9     6.3     0.0     0.4    24.2    24.4
 1927     7.1    11.3     2.1     1.2     0.1     0.0     0.0     0.0     0.0     0.3     1.3     7.8     3.4     0.0     1.6    29.6    31.1
 1928     9.6    12.2     9.7     1.0     0.4     0.0     0.0     0.0     0.0     0.4     1.1     8.8    11.1     0.0     1.5    35.8    43.2
 1929    10.4    16.7    11.0     3.7     0.1     0.0     0.0     0.0     0.0     0.4     1.3     6.0    14.8     0.0     1.7    21.6    49.5
 1930     7.8     7.9     4.0     1.1     0.2     0.0     0.0     0.0     0.0     0.4     2.0     5.3     5.3     0.0     2.4    19.5    28.7
 1931     7.2     7.1     5.8     3.2     0.2     0.0     0.0     0.0     0.0     0.6     4.4    10.9     9.2     0.0     5.1    39.0    39.4
 1932    12.1    16.0     9.1     2.4     0.2     0.0     0.0     0.0     0.0     0.2     2.5     6.5    11.7     0.0     2.7    28.1    49.0
 1933    13.2     8.4     9.0     4.5     0.5     0.1     0.0     0.0     0.1     0.7     1.3    11.3    14.1     0.1     2.1    35.6    49.1
 1934    10.3    14.0     4.1     1.6     0.1     0.0     0.0     0.0     0.0     0.5     1.6     5.8     5.8     0.0     2.1    25.1    38.0
 1935    11.2     8.1     8.5     2.2     0.3     0.0     0.0     0.0     0.0     0.2     2.8     4.6    10.9     0.0     3.0    15.4    37.9
 1936     4.6     6.1     4.0     1.1     0.2     0.0     0.0     0.0     0.0     0.5     2.6    11.5     5.3     0.0     3.2    31.6    30.8
 1937    13.5     6.5     3.1     1.5     0.1     0.0     0.0     0.0     0.0     0.3     1.7     5.3     4.8     0.0     2.0    24.8    32.1
 1938    10.3     9.2     7.8     2.6     0.3     0.0     0.0     0.0     0.0     0.3     2.8     5.6    10.8     0.0     3.1    20.3    39.0
 1939     6.2     8.5     7.4     1.8     0.3     0.0     0.0     0.0     0.0     0.2     2.6     6.4     9.4     0.0     2.8    27.2    33.3
 1940    12.9     7.9     7.7     2.0     0.3     0.0     0.0     0.0     0.0     0.2     1.1     9.6     9.9     0.0     1.4    20.4    41.7
 1941     7.1     3.7     5.2     1.1     0.2     0.0     0.0     0.0     0.1     1.0     4.6    14.2     6.5     0.0     5.8    38.1    37.3
 1942    16.1     7.9     7.8     2.1     0.1     0.0     0.0     0.0     0.0     0.3     3.5     8.9    10.0     0.0     3.8    32.9    46.6
 1943    13.7    10.3     9.9     2.4     0.2     0.0     0.0     0.0     0.0     0.1     1.0     6.2    12.5     0.0     1.1    25.9    43.8
 1944    11.6     8.1     6.4     1.6     0.2     0.0     0.0     0.0     0.0     0.1     2.2     6.7     8.2     0.0     2.3    28.5    36.9
 1945    11.4    10.4     8.6     2.2     0.0     0.0     0.0     0.0     0.0     0.9     2.3     7.4    10.8     0.0     3.2    26.6    43.2
 1946    10.8     8.4     5.3     1.8     0.1     0.0     0.0     0.0     0.0     0.9     1.0     7.5     7.1     0.0     1.8    27.7    35.7
 1947    14.2     6.0     2.1     1.0     0.1     0.0     0.0     0.0     0.0     0.8     1.5     4.3     3.2     0.0     2.2    17.2    30.0
 1948     3.9     9.0     9.2     1.8     0.1     0.0     0.0     0.0     0.0     0.4     4.8    14.6    11.1     0.0     5.2    37.3    43.8
 1949    10.7    11.9     9.2     3.0     0.1     0.0     0.0     0.0     0.0     0.5     1.2     5.9    12.3     0.0     1.7    32.5    42.6
 1950    16.5    10.1     5.6     0.8     0.1     0.0     0.0     0.0     0.0     0.7     2.7     3.4     6.5     0.0     3.3    16.3    39.8
 1951     7.8     5.1     3.3     1.1     0.1     0.0     0.0     0.0     0.0     0.9     1.8    10.2     4.6     0.0     2.7    27.9    30.3
 1952     8.5     9.2     8.5     1.1     0.2     0.0     0.0     0.0     0.0     0.5     1.7     3.2     9.8     0.0     2.2    20.6    32.9
 1953     9.3     8.1    11.8     1.6     0.2     0.0     0.0     0.0     0.0     0.3     5.7    11.8    13.7     0.0     6.0    35.6    48.9
 1954    13.3    10.5     4.0     2.5     0.3     0.0     0.0     0.0     0.0     0.5     2.0     6.3     6.9     0.0     2.5    14.2    39.4
 1955     4.7     3.2     5.2     3.0     0.1     0.0     0.0     0.0     0.0     0.1     2.4     6.8     8.2     0.0     2.5    25.5    25.5
 1956     8.3    10.4    10.7     2.0     0.2     0.0     0.0     0.0     0.0     0.9     2.3    10.3    12.8     0.0     3.2    28.4    45.0
 1957    11.5     6.6     7.5     2.0     0.2     0.0     0.0     0.0     0.0     0.2     1.9     8.3     9.7     0.0     2.1    23.9    38.2
 1958     9.7     5.9     5.4     2.0     0.0     0.0     0.0     0.0     0.0     0.7     1.5     4.5     7.5     0.0     2.2    28.9    29.7
 1959    10.9    13.5     4.4     1.6     0.1     0.0     0.0     0.0     0.1     1.8     2.7     4.2     6.1     0.0     4.5    19.6    39.2
 1960     8.6     6.8     5.0     1.7     0.1     0.0     0.0     0.0     0.0     0.2     1.4     3.1     6.8     0.0     1.6    22.6    26.9
 1961     9.5    10.0     5.7     0.7     0.1     0.0     0.0     0.0     0.0     0.4     1.2     6.1     6.6     0.0     1.7    23.6    33.8
 1962     7.7     9.8     4.2     1.6     0.1     0.0     0.0     0.0     0.0     0.2     0.7     7.6     5.9     0.0     0.9    23.0    31.9
 1963     9.9     5.4     7.7     1.5     0.1     0.0     0.0     0.0     0.0     0.3     1.5     5.5     9.3     0.0     1.8    30.7    31.9
 1964    15.3    10.0     4.2     2.0     0.2     0.0     0.0     0.0     0.0     0.3     1.9     5.4     6.4     0.0     2.2    25.8    39.3
 1965     8.8    11.5     5.9     2.2     0.3     0.0     0.0     0.0     0.0     1.1     2.3     5.1     8.3     0.0     3.5    18.5    37.2
 1966     9.1     4.3     5.3     0.9     0.2     0.0     0.0     0.0     0.0     0.0     1.4     6.5     6.4     0.0     1.5    29.9    27.8
 1967    12.2    11.2     6.4     1.9     0.1     0.0     0.0     0.0     0.0     0.2     2.6     6.8     8.4     0.0     2.9    26.4    41.4
 1968    13.1     6.5     6.7     0.9     0.0     0.0     0.0     0.0     0.0     0.6     1.5     6.3     7.6     0.0     2.1    22.9    35.6
 1969    11.2     5.5     4.5     2.5     0.0     0.0     0.0     0.0     0.0     0.6     2.1     5.0     7.0     0.0     2.7    16.2    31.4
 1970     5.5     5.7     4.2     1.1     0.3     0.0     0.0     0.0     0.0     0.8     3.3     7.5     5.6     0.0     4.1    20.2    28.3
 1971     5.1     7.6     6.6     1.6     0.1     0.0     0.0     0.0     0.0     1.5     3.5     9.4     8.3     0.0     5.0    24.6    35.4
 1972     8.0     7.2     5.7     0.7     0.1     0.0     0.0     0.0     0.0     1.3     3.9     9.1     6.5     0.0     5.1    25.4    36.0
 1973     9.8     6.4     7.8     2.3     0.1     0.0     0.0     0.0     0.0     0.3     4.9     6.1    10.3     0.0     5.2    24.1    37.7
 1974    11.9     6.1     4.6     2.3     0.3     0.0     0.0     0.0     0.0     0.4     3.4    10.1     7.3     0.0     3.8    32.5    39.2
 1975    12.2    10.2     4.2     1.5     0.1     0.0     0.0     0.0     0.0     0.5     3.0     9.4     5.8     0.0     3.6    31.6    41.2
 1976    11.8    10.4     6.6     1.9     0.1     0.0     0.0     0.0     0.1     0.3     1.9     7.1     8.6     0.0     2.3    20.6    40.2
 1977     9.7     3.9     5.4     2.2     0.1     0.0     0.0     0.0     0.0     1.3     1.4     9.7     7.7     0.0     2.7    24.4    33.6
 1978     9.5     5.3     4.5     1.7     0.2     0.0     0.0     0.0     0.1     0.6     5.9     5.3     6.4     0.0     6.5    19.9    33.0
 1979     9.4     5.1     3.3     1.9     0.1     0.0     0.0     0.0     0.0     0.3     1.9     6.0     5.3     0.0     2.2    27.1    28.1
 1980    11.6     9.4     6.0     2.7     0.3     0.0     0.0     0.0     0.0     0.3     1.6     7.7     9.0     0.0     1.9    28.8    39.6
 1981    12.1     9.1     3.7     1.8     0.3     0.0     0.0     0.0     0.0     0.2     5.9     4.6     5.8     0.0     6.1    24.7    37.6
 1982     9.2    10.8     7.4     1.9     0.2     0.0     0.0     0.0     0.0     0.2     4.0     5.8     9.5     0.0     4.2    29.8    39.6
 1983    12.4    11.6     6.6     1.3     0.1     0.0     0.0     0.0     0.0     0.9     3.1     6.8     7.9     0.0     4.1    21.0    42.8
 1984     8.0     6.2     5.8     2.3     0.1     0.0     0.0     0.0     0.0     0.2     2.0     8.0     8.2     0.0     2.3    28.4    32.7
 1985     8.3    12.1     5.4     1.2     0.0     0.0     0.0     0.0     0.0     1.1     1.4     6.0     6.6     0.0     2.5    20.0    35.5
 1986     7.6     6.4     4.2     1.3     0.1     0.0     0.0     0.0     0.0     0.4     4.8    11.4     5.6     0.0     5.2    26.4    36.2
 1987     8.8     6.1    12.8     2.4     0.4     0.0     0.0     0.0     0.0     0.3     1.9     6.7    15.5     0.0     2.2    21.4    39.4
 1988     6.3     8.4     5.7     1.7     0.1     0.0     0.0     0.0     0.0     0.6     5.4     8.8     7.5     0.0     6.1    32.3    37.1
 1989    14.7     8.9     3.3     1.0     0.2     0.0     0.0     0.0     0.0     1.0     3.7     8.1     4.5     0.0     4.7    30.0    40.8
 1990    14.5     7.3     4.9     1.1     0.1     0.0     0.0     0.0     0.0     0.3     1.1     5.9     6.1     0.0     1.3    25.9    35.2
 1991    11.6     8.4     3.6     1.7     0.5     0.0     0.0     0.0     0.0     0.3     2.1    13.2     5.7     0.0     2.4    39.8    41.2
 1992    13.0    13.6     7.4     1.8     0.2     0.0     0.0     0.0     0.0     0.1     2.6    10.3     9.4     0.0     2.7    36.7    48.9
 1993    13.4    12.9     8.2     1.9     0.1     0.0     0.0     0.0     0.0     0.2     2.7     5.7    10.2     0.0     2.9    19.1    45.2
 1994     6.5     6.8     4.7     0.9     0.1     0.0     0.0     0.0     0.0     0.1     3.5     9.6     5.7     0.0     3.6    24.2    32.2
 1995     8.8     5.8     5.9     2.5     0.2     0.0     0.0     0.0     0.0     0.9     5.5     4.5     8.5     0.0     6.4    20.9    33.9
 1996     8.9     7.6     7.8     2.4     0.0     0.0     0.0     0.0     0.0     0.6     2.3     5.1    10.2     0.0     3.0    22.7    34.7
 1997     8.5     9.1     7.4     4.7     0.1     0.0     0.0     0.0     0.0     0.7     1.4     6.3    12.2     0.0     2.1    21.8    38.3
 1998     8.7     6.7     9.2     1.0     0.1     0.0     0.0     0.0     0.0     0.2     2.1     8.8    10.2     0.0     2.4    26.1    36.9
 1999     8.7     8.6     4.7     1.1     0.0     0.0     0.0     0.0     0.0     0.1     1.9     4.4     5.8     0.0     2.0    27.3    29.5
 2000    14.7     8.3     7.3     0.5     0.0     0.0     0.0     0.0     0.0     0.3     1.1     5.8     7.9     0.0     1.4    18.8    38.0
 2001     6.0     7.0     1.5     1.2     0.0     0.0     0.0     0.0     0.0     0.2     2.8    10.9     2.7     0.0     3.1    28.8    29.7
 2002    12.9     5.0     3.2     1.2     0.0     0.0     0.0     0.0     0.0     0.3     1.5     7.1     4.3     0.0     1.8    25.3    31.2
 2003     5.3    12.9     9.2     2.3     0.0     0.0     0.0     0.0     0.0     0.2     1.5     7.1    11.6     0.0     1.6    27.3    38.4
 2004    11.4     8.8     4.0     0.7     0.1     0.0     0.0     0.0     0.0     0.1     2.3     5.3     4.9     0.0     2.3    23.5    32.8
 2005     9.0     9.2     5.3     1.4     0.0     0.0     0.0     0.0     0.0     0.5     3.0     6.4     6.7     0.0     3.4    27.7    34.8
 2006    13.2     8.1     4.5     0.7     0.1     0.0     0.0     0.0     0.0     0.2     4.5     8.5     5.2     0.0     4.7    22.9    39.7
 2007     8.4     6.0     3.6     1.4     0.0     0.0     0.0     0.0     0.0     0.2     2.4     9.4     4.9     0.0     2.7    30.1    31.5
 2008    11.2     9.5     2.5     0.6     0.1     0.0     0.0     0.0     0.0     0.3     1.4     5.1     3.2     0.0     1.7    18.9    30.6
 2009     6.3     7.4     5.3     1.0     0.0     0.0     0.0     0.0     0.0     0.2     2.4     3.4     6.3     0.0     2.7    15.0    26.2
 2010     7.0     4.6     3.9     0.7     0.0     0.0     0.0     0.0     0.0     0.4     0.5     4.1     4.6     0.0     0.9    20.8    21.2
 2011     9.1     7.6     5.2     1.5     0.1     0.0     0.0     0.0     0.0     0.8     5.9     6.8     6.7     0.0     6.7    31.0    36.9
 2012    13.6    10.6     5.5     0.7     0.0     0.0     0.0     0.0     0.0     0.0     0.9     7.5     6.1     0.0     1.0    20.3    38.8
 2013     7.9     4.9     2.9     0.7     0.0     0.0     0.0     0.0     0.0     0.4     1.2     9.7     3.6     0.0     1.6    19.0    27.8
 2014     5.3     4.0     3.2     0.8     0.1     0.0     0.0     0.0     0.0     0.2     1.4     4.4     4.1     0.0     1.6    20.8    19.3
 2015     9.2     7.1     3.9     1.6     0.0     0.0     0.0     0.0     0.0     0.1     1.8     9.3     5.6     0.0     1.9    20.7    33.1
 2016     8.9     2.5     3.0     0.4     0.1     0.0     0.0     0.0     0.0     0.2     2.2    12.8     3.4     0.0     2.4  -999.0    30.0
