Climatic Research Unit Country File created on Tue 19 Sep 2017 17:57:34 BST, from CRU TS run #1709081022
Country = Aleutians            : parameter = Rain Days                      : Units = days                
Period = 1901.2016 : missing value = -999.0 : format = (i5,17f8.1)
 YEAR     JAN     FEB     MAR     APR     MAY     JUN     JUL     AUG     SEP     OCT     NOV     DEC     MAM     JJA     SON     DJF     ANN
 1901    16.4    14.0    15.2    15.0    15.0    14.5    16.9    18.2    18.3    19.0    17.9    17.3    45.2    49.6    55.2    47.7   197.8
 1902    16.4    14.0    15.2    15.0    15.0    14.5    16.9    18.2    18.3    19.0    17.9    17.3    45.2    49.6    55.2    47.7   197.8
 1903    16.4    14.0    15.2    15.0    15.0    14.5    16.9    18.2    18.3    19.0    17.9    17.3    45.2    49.6    55.2    47.7   197.8
 1904    16.4    14.0    15.2    15.0    15.0    14.5    16.9    18.2    18.3    19.0    17.9    17.3    45.2    49.6    55.2    47.7   197.8
 1905    16.4    14.0    15.2    15.0    15.0    14.5    16.9    18.2    18.3    19.0    17.9    17.3    45.2    49.6    55.2    47.7   197.8
 1906    16.4    14.0    15.2    15.0    15.0    14.5    16.9    18.2    18.3    19.0    17.9    17.3    45.2    49.6    55.2    47.7   197.8
 1907    16.4    14.0    15.2    15.0    15.0    14.5    16.9    18.2    18.3    19.0    17.9    17.3    45.2    49.6    55.2    47.7   197.8
 1908    16.4    14.0    15.2    15.0    15.0    14.5    16.9    18.2    18.3    19.0    17.9    17.3    45.2    49.6    55.2    47.7   197.8
 1909    16.4    14.0    15.2    15.0    15.0    14.5    16.9    18.2    18.3    19.0    17.9    17.3    45.2    49.6    55.2    47.7   197.8
 1910    16.4    14.0    15.2    15.0    15.0    14.5    16.9    18.2    18.3    19.0    17.9    17.3    45.2    49.6    55.2    47.7   197.8
 1911    16.4    14.0    15.2    15.0    15.0    14.5    16.9    18.2    18.3    19.0    17.9    17.3    45.2    49.6    55.2    47.7   197.8
 1912    16.4    14.0    15.2    15.0    15.0    14.5    16.9    18.2    18.3    19.0    17.9    17.3    45.2    49.6    55.2    47.7   197.8
 1913    16.4    14.0    15.2    15.0    15.0    14.5    16.9    18.2    18.3    19.0    17.9    17.3    45.2    49.6    55.2    47.7   197.8
 1914    16.4    14.0    15.2    15.0    15.0    14.5    16.9    18.2    18.3    19.0    17.9    17.3    45.2    49.6    55.2    48.2   197.8
 1915    16.3    14.6    15.2    14.8    13.8    15.4    18.7    18.2    19.4    19.2    18.8    17.1    43.8    52.3    57.4    47.2   201.4
 1916    15.8    14.3    13.8    15.1    15.8    14.0    16.4    19.1    19.2    19.2    17.3    17.3    44.6    49.5    55.7    49.5   197.3
 1917    17.6    14.6    16.0    15.0    15.5    14.0    17.5    19.1    18.5    19.6    16.6    17.4    46.5    50.7    54.7    45.5   201.4
 1918    14.5    13.6    16.8    15.1    15.5    14.0    17.8    18.6    18.2    18.8    17.0    15.5    47.4    50.5    54.0    44.5   195.5
 1919    14.7    14.3    16.0    14.0    14.0    13.7    17.0    18.9    18.7    19.4    17.3    17.3    44.1    49.5    55.4    47.7   195.4
 1920    16.4    14.0    15.2    15.0    15.0    14.5    16.9    19.3    19.2    18.6    18.0    16.6    45.2    50.7    55.9    46.3   198.8
 1921    16.3    13.4    16.3    14.8    13.8    14.7    18.1    19.1    18.5    19.0    18.4    17.4    44.9    51.9    55.9    47.8   199.8
 1922    16.5    13.9    15.2    15.1    14.6    14.7    16.7    17.7    19.7    19.0    18.0    16.6    44.9    49.1    56.7    46.8   197.6
 1923    16.9    13.4    15.5    14.6    14.6    15.7    17.0    18.9    18.9    18.4    17.5    18.1    44.6    51.5    54.9    48.2   199.4
 1924    16.0    14.1    15.2    14.6    14.9    15.7    17.8    18.6    20.1    20.4    17.7    17.3    44.6    52.2    58.2    46.9   202.3
 1925    15.8    13.9    15.5    14.6    14.3    15.4    16.7    18.9    20.1    20.0    19.3    16.0    44.3    50.9    59.4    44.4   200.2
 1926    15.4    12.9    14.9    13.2    13.5    13.4    17.2    19.1    18.7    19.4    17.3    16.6    41.6    49.7    55.4    44.3   191.7
 1927    14.9    12.9    13.5    13.8    14.6    15.7    17.2    17.5    18.7    19.8    17.0    17.1    41.9    50.4    55.5    47.2   192.7
 1928    16.5    13.6    14.3    14.6    14.3    15.4    17.5    18.2    19.4    19.0    18.0    16.7    43.2    51.1    56.5    47.8   197.7
 1929    16.7    14.3    16.8    15.3    15.5    14.0    18.1    19.8    18.9    17.9    17.7    17.3    47.6    52.0    54.5    48.0   202.4
 1930    17.1    13.6    15.7    14.3    15.5    14.7    17.0    17.7    18.0    19.4    17.7    16.4    45.5    49.4    55.1    49.2   197.0
 1931    17.8    15.0    15.2    15.1    15.0    14.4    15.2    18.0    17.7    19.6    18.6    17.8    45.3    47.5    55.9    50.4   199.3
 1932    16.7    15.9    14.9    14.3    15.2    13.0    17.0    17.3    18.7    19.6    17.0    18.5    44.4    47.2    55.3    49.2   198.0
 1933    16.9    13.9    14.1    14.6    15.5    14.4    16.4    18.2    18.7    17.9    17.1    14.6    44.1    48.9    53.7    43.6   192.1
 1934    15.8    13.2    15.5    14.8    14.6    13.7    18.7    18.6    18.0    19.8    17.7    17.1    44.9    51.1    55.5    49.2   197.4
 1935    18.0    14.1    16.8    14.6    15.2    13.0    17.2    18.6    18.5    19.0    18.6    15.9    46.6    48.9    56.1    46.7   199.5
 1936    16.7    14.1    16.0    15.3    15.2    14.4    18.1    18.4    19.9    19.2    17.7    16.9    46.5    50.9    56.8    48.0   201.9
 1937    17.4    13.6    14.6    14.6    14.6    14.7    17.5    18.9    18.0    19.2    18.6    16.2    43.8    51.1    55.8    46.3   198.0
 1938    15.8    14.3    15.5    14.8    15.2    14.0    16.7    18.0    18.0    19.0    17.7    17.1    45.5    48.6    54.7    46.3   196.0
 1939    15.4    13.9    14.6    15.9    14.9    14.0    16.7    18.4    18.2    17.7    16.1    15.3    45.4    49.1    52.0    45.1   191.0
 1940    16.1    13.6    14.1    14.3    14.3    14.0    17.2    19.1    18.9    18.4    18.4    15.9    42.7    50.4    55.8    45.5   194.5
 1941    15.8    13.9    14.3    13.8    15.5    13.7    15.8    18.2    19.4    19.8    17.5    17.3    43.6    47.7    56.7    40.0   194.9
 1942    12.1    10.6    12.4    13.8    13.9    13.1    15.5    18.7    17.3    15.8    14.3    12.2    40.0    47.3    47.4    40.2   169.6
 1943    15.2    12.8    11.6    13.3    14.1    12.8    15.6    19.0    15.9    18.3    16.1    13.7    39.1    47.4    50.3    44.4   178.4
 1944    14.5    16.2    10.5    12.0    11.5    12.0    15.2    18.2    15.0    18.7    18.3    17.4    34.0    45.4    52.0    43.7   179.5
 1945    13.3    13.0    13.7    11.3    13.5     9.9    12.4    16.1    15.7    19.0    15.1    14.3    38.5    38.4    49.8    45.1   167.4
 1946    16.6    14.1    13.2    16.6    11.3    16.2    17.4    16.5    15.2    20.9    15.5    16.3    41.0    50.1    51.5    46.9   189.7
 1947    16.6    13.9    12.0    13.4    15.2    12.5    17.5    16.8    17.4    19.8    20.3    20.5    40.6    46.8    57.5    51.0   196.0
 1948    16.8    13.6    16.7     9.0    13.5    13.9    17.3    18.3    20.7    19.6    21.1    18.5    39.2    49.5    61.5    52.5   199.1
 1949    16.8    17.1    19.1    13.7    16.3    14.5    17.5    20.5    20.2    18.9    18.7    18.8    49.1    52.6    57.7    47.3   212.2
 1950    16.5    12.0    12.1    13.8    15.2    12.9    14.3    19.8    18.9    17.5    12.2    15.8    41.1    47.0    48.6    46.8   181.0
 1951    16.0    15.0    16.0    16.8    16.8    14.4    15.8    15.9    15.4    22.1    16.2    16.5    49.6    46.2    53.7    49.6   197.0
 1952    16.4    16.7    19.1    14.2    18.8    20.7    20.8    18.9    15.4    22.9    19.9    14.1    52.2    60.4    58.2    46.5   218.0
 1953    18.3    14.0    18.0    14.7    16.2    15.1    14.5    18.1    20.6    19.7    21.3    15.7    48.8    47.7    61.7    48.8   206.2
 1954    15.8    17.3    20.2    12.7    16.7    14.1    19.0    19.2    21.6    20.0    16.6    18.9    49.6    52.2    58.3    49.7   212.1
 1955    15.6    15.2    14.7    15.0    18.9    15.2    19.7    16.5    15.6    15.7    16.3    15.4    48.5    51.3    47.6    46.6   193.7
 1956    12.8    18.4    15.0    15.1    17.2    17.1    19.8    19.4    17.4    18.3    15.4    14.2    47.3    56.3    51.0    47.5   199.9
 1957    18.8    14.5    16.8    18.7    16.3    11.9    14.4    16.8    17.8    20.7    17.5    18.3    51.9    43.1    56.1    45.9   202.6
 1958    16.2    11.3    17.5    15.6    20.1    17.8    17.1    15.2    19.2    20.2    19.3    19.4    53.2    50.2    58.7    49.2   209.1
 1959    12.8    17.0    13.5    17.2    17.5    16.6    15.4    17.8    21.2    19.9    18.2    14.4    48.2    49.8    59.3    45.6   201.5
 1960    17.5    13.6    11.0    12.2    15.5    11.9    16.6    16.7    16.3    19.2    17.0    16.0    38.7    45.2    52.5    44.1   183.5
 1961    15.8    12.4    11.8    14.3    14.2    12.5    17.1    17.0    16.8    17.9    17.8    15.5    40.3    46.7    52.6    46.4   183.3
 1962    15.6    15.3    17.8    10.2    14.0    13.6    17.4    19.4    16.6    21.9    16.0    14.6    42.0    50.4    54.6    40.8   192.5
 1963    17.1     9.0    18.0    14.8    16.8    15.1    19.5    18.3    18.3    18.2    14.9    16.2    49.6    52.8    51.4    47.7   196.2
 1964    15.3    16.2    15.7    14.2    12.1    14.6    15.8    17.5    20.8    19.5    18.3    17.0    42.0    47.9    58.6    48.7   197.0
 1965    15.9    15.8    16.6    16.4    15.8    15.4    18.1    15.5    21.0    18.0    18.4    18.3    48.7    49.1    57.4    50.4   205.2
 1966    16.5    15.6    12.2    15.7    18.9    11.0    17.5    19.5    17.3    15.6    19.6    14.7    46.8    48.0    52.5    48.0   194.2
 1967    18.1    15.2    17.8    17.4    10.8    13.5    20.3    19.3    18.7    19.0    19.9    18.2    45.9    53.1    57.5    46.9   208.1
 1968    17.2    11.4    12.6    13.7    12.1    11.4    14.1    16.0    15.5    20.5    15.4    15.8    38.4    41.4    51.4    51.6   175.7
 1969    20.9    14.9    14.8    15.7    17.0    13.8    14.1    21.5    19.7    17.8    16.4    14.1    47.5    49.5    53.9    44.4   200.9
 1970    15.1    15.1    14.6    18.3    13.7    14.5    18.8    18.3    18.3    20.8    16.7    20.1    46.5    51.6    55.8    45.3   204.3
 1971    13.1    12.0    15.5    13.2    15.0    16.6    18.7    16.9    20.1    18.0    20.7    19.7    43.7    52.1    58.8    49.0   199.4
 1972    18.3    11.0    12.7    17.1    15.2    17.0    15.6    16.7    14.7    20.2    19.7    17.5    45.0    49.3    54.5    45.0   195.6
 1973    13.5    14.0    16.5    12.2    13.9    13.8    15.8    18.4    19.2    18.7    17.8    17.4    42.6    48.0    55.7    51.0   191.2
 1974    18.0    15.6    15.4    16.0    17.4    12.4    18.4    21.7    16.6    16.0    18.8    16.1    48.7    52.5    51.4    49.1   202.4
 1975    16.1    16.9    16.0    17.2    15.7    14.8    16.2    15.6    17.2    19.8    16.6    18.5    48.8    46.6    53.7    49.2   200.6
 1976    15.9    14.8    16.2    15.3    13.7    14.9    17.4    17.1    17.1    20.1    15.6    15.9    45.2    49.4    52.8    46.0   194.2
 1977    15.9    14.2    18.2    14.2    15.1    13.1    16.6    16.9    16.1    19.3    17.8    16.2    47.6    46.6    53.3    45.8   193.7
 1978    15.9    13.7    14.4    17.8    16.5    16.5    18.6    17.0    17.6    21.7    21.8    20.3    48.8    52.0    61.1    51.0   211.8
 1979    17.3    13.4    18.2    22.5    17.8    16.9    17.2    20.7    20.1    23.5    20.1    16.1    58.5    54.8    63.7    46.3   223.8
 1980    17.3    12.9    17.3    14.0    17.1    18.0    15.1    19.6    18.3    18.9    18.5    15.5    48.4    52.8    55.7    47.0   202.7
 1981    16.0    15.4    14.4    13.3    14.1    10.5    16.6    20.1    14.6    18.1    16.9    18.7    41.8    47.2    49.6    49.4   188.7
 1982    18.4    12.4    16.8    13.0    13.7    17.6    20.0    18.0    19.6    16.5    19.4    16.8    43.5    55.6    55.5    41.7   202.2
 1983    12.9    12.1    11.5    16.6    13.5    12.4    16.6    18.0    18.5    21.1    19.1    20.1    41.6    47.0    58.8    48.7   192.4
 1984    15.3    13.3    12.8    14.2    13.8    13.4    16.5    16.5    18.1    17.5    20.0    18.0    40.7    46.4    55.6    48.5   189.3
 1985    16.8    13.7    16.9    14.2    15.7    16.4    14.0    20.1    20.8    21.6    20.4    17.3    46.7    50.5    62.8    45.1   207.7
 1986    15.1    12.8    12.8    15.0    15.1    14.1    16.0    15.2    20.3    17.1    19.5    19.8    42.9    45.3    56.9    55.0   192.9
 1987    19.1    16.0    17.1    14.5    12.8    19.8    18.2    18.5    18.1    21.4    14.3    18.5    44.4    56.5    53.8    47.5   208.3
 1988    15.3    13.8    15.5    13.6    16.1    15.4    15.1    17.8    17.4    18.9    18.0    17.2    45.2    48.2    54.3    49.8   194.0
 1989    16.2    16.3    10.2    14.1    15.8    14.8    14.0    17.5    22.8    17.4    14.4    15.7    40.0    46.4    54.6    49.2   189.2
 1990    18.3    15.1    15.3    10.8    17.8    11.4    16.9    21.8    19.5    16.5    13.8    19.7    43.9    50.1    49.9    51.7   197.0
 1991    16.8    15.2    18.6    13.6    15.6    16.5    16.0    18.3    20.2    18.8    15.2    17.2    47.8    50.8    54.2    45.3   202.1
 1992    14.8    13.4    14.6     9.3    11.4    18.7    17.9    18.2    18.3    18.8    17.8    19.9    35.3    54.9    55.0    56.0   193.2
 1993    20.2    15.9    15.3    16.6    14.9    16.7    18.2    22.1    20.1    21.6    20.1    16.3    46.7    56.9    61.8    47.5   217.9
 1994    16.6    14.6    17.2    13.6    16.1    14.7    17.9    19.2    21.3    19.1    18.6    17.1    46.9    51.8    59.0    44.4   206.0
 1995    12.7    14.7    12.1    14.4    13.9    10.0    14.4    17.7    21.3    19.0    11.1    15.4    40.4    42.1    51.4    46.9   176.6
 1996    16.3    15.2    15.0    15.8    12.6    16.7    19.2    17.6    16.9    15.5    18.9    16.0    43.5    53.6    51.2    44.1   195.8
 1997    15.4    12.7    13.0    12.2    14.1    16.0    18.2    20.3    20.5    15.4    20.1    16.8    39.3    54.5    56.0    40.0   194.7
 1998    11.9    11.4    17.4    18.1    18.4    16.9    17.0    18.7    19.9    20.8    19.3    16.1    54.0    52.6    59.9    44.2   205.7
 1999    15.0    13.1    18.9    16.5    15.5    16.2    18.5    19.6    20.6    21.3    18.8    15.4    51.0    54.4    60.7    47.7   209.5
 2000    17.5    14.8    14.9    17.8    13.0    18.0    19.3    18.6    17.7    20.0    18.3    20.4    45.7    55.8    56.0    51.9   210.1
 2001    16.2    15.2    14.7    18.2    12.5    12.4    18.4    17.0    21.4    20.6    17.3    17.5    45.4    47.9    59.3    50.9   201.6
 2002    17.5    15.9    15.1    14.4    16.4    13.6    17.4    17.1    21.0    21.8    17.6    16.8    45.8    48.0    60.5    50.0   204.5
 2003    17.1    16.1    12.2    15.5    14.6    17.1    18.2    18.9    17.9    18.1    18.7    18.8    42.3    54.2    54.7    48.5   203.2
 2004    14.5    15.2    13.9    17.4    16.1    14.2    19.0    17.6    20.8    21.0    19.3    17.9    47.4    50.8    61.1    46.5   206.9
 2005    14.5    14.1    17.8    14.1    15.5    17.0    17.7    18.0    21.9    20.3    17.4    15.3    47.3    52.7    59.5    47.0   203.5
 2006    15.2    16.5    16.0    16.9    14.5    14.0    17.0    20.5    20.2    21.0    15.9    16.7    47.3    51.4    57.1    48.1   204.3
 2007    18.6    12.7    12.6    12.3    15.3    17.3    17.2    19.5    20.9    22.0    19.3    16.6    40.2    54.1    62.2    44.8   204.4
 2008    15.4    12.8    15.5    15.1    15.8    16.3    16.9    16.3    19.2    18.7    17.7    17.0    46.3    49.5    55.6    45.9   196.6
 2009    12.8    16.0    16.5    16.6    13.5    14.6    18.4    17.4    20.2    16.4    18.2    15.4    46.6    50.5    54.9    38.1   196.1
 2010    11.6    11.1    14.2    14.4    14.0    16.2    17.2    18.6    17.8    21.5    17.8    15.3    42.5    52.0    57.0    45.6   189.5
 2011    17.2    13.0    12.5    14.6    16.1    16.6    18.6    17.3    18.2    15.4    16.8    20.5    43.2    52.6    50.5    53.9   197.0
 2012    16.0    17.4    17.9    15.9    14.5    11.4    18.8    16.4    21.2    16.6    15.3    15.1    48.3    46.6    53.1    46.9   196.5
 2013    17.0    14.8    17.2    13.0    13.7    16.2    18.5    20.5    20.2    21.3    17.1    15.2    43.9    55.1    58.6    48.9   204.7
 2014    19.1    14.5    14.9    15.9    11.6    14.7    16.1    18.6    19.7    17.9    19.4    15.2    42.4    49.4    57.0    41.2   197.7
 2015    13.5    12.5    15.7    18.2    18.4    12.1    17.8    16.3    19.2    20.8    19.9    20.1    52.3    46.2    59.9    50.7   204.4
 2016    16.5    14.1    14.5    17.6    14.4    14.9    16.3    19.7    20.7    20.7    19.0    20.1    46.5    50.9    60.4  -999.0   208.4
