Climatic Research Unit Land Average File created on Tue 19 Sep 2017 17:57:34 BST, from CRU TS run #1709081022
Country = All                  : Parameter = Cloud Cover                    : Units = percentage          
Period = 1901.2016 : missing value = -999.0 : format = (i5,17f8.1)
 YEAR     JAN     FEB     MAR     APR     MAY     JUN     JUL     AUG     SEP     OCT     NOV     DEC     MAM     JJA     SON     DJF     ANN
 1901    55.1    54.7    55.1    54.8    54.9    54.9    54.6    54.2    54.1    54.5    54.3    55.0    54.9    54.6    54.3    54.9    54.7
 1902    55.1    54.6    54.6    54.7    55.2    54.5    53.9    54.0    54.1    54.2    54.6    55.6    54.8    54.1    54.3    54.9    54.6
 1903    54.8    54.4    55.1    55.3    55.8    55.1    54.6    54.6    54.6    54.2    54.5    55.5    55.4    54.8    54.5    54.8    54.9
 1904    54.9    53.9    54.9    54.9    55.6    55.3    54.9    54.3    54.2    54.9    53.9    55.3    55.1    54.8    54.3    55.1    54.7
 1905    54.8    55.3    55.1    55.8    55.7    54.9    54.3    54.3    54.5    54.3    54.5    55.9    55.6    54.5    54.4    55.3    55.0
 1906    55.1    54.7    55.2    54.4    54.9    55.0    54.5    54.6    54.9    54.6    55.3    56.1    54.9    54.7    55.0    55.4    55.0
 1907    55.7    54.4    54.6    54.9    55.0    55.5    54.3    54.3    54.1    54.8    55.4    55.8    54.8    54.7    54.8    55.5    54.9
 1908    55.2    55.3    55.0    56.0    55.8    54.7    54.9    54.5    54.1    54.5    54.2    55.4    55.6    54.7    54.2    55.0    55.0
 1909    55.5    54.2    55.1    55.7    55.0    55.7    54.3    54.3    53.9    54.3    54.4    56.0    55.3    54.8    54.2    55.3    54.9
 1910    55.3    54.5    54.6    54.4    55.1    55.0    54.5    54.0    54.4    54.2    55.0    55.4    54.7    54.5    54.5    55.1    54.7
 1911    55.3    54.5    54.9    54.3    54.8    54.5    54.3    54.4    54.6    54.8    54.5    56.3    54.7    54.4    54.7    55.2    54.8
 1912    54.8    54.5    55.2    55.0    54.6    55.3    55.0    54.7    54.2    54.5    55.0    55.6    54.9    55.0    54.6    55.4    54.9
 1913    55.6    55.0    55.3    55.2    55.3    54.5    53.9    53.6    54.1    54.6    54.7    55.9    55.3    54.0    54.5    55.2    54.8
 1914    55.0    54.8    55.3    55.0    55.4    54.4    54.2    54.0    54.3    54.9    55.5    57.4    55.2    54.2    54.9    56.2    55.0
 1915    55.8    55.3    54.7    55.3    55.8    55.5    54.6    54.5    55.0    54.5    54.3    55.2    55.3    54.9    54.6    55.2    55.1
 1916    55.8    54.4    54.4    55.2    55.1    56.2    55.1    54.6    55.1    55.2    54.9    56.2    54.9    55.3    55.1    55.4    55.2
 1917    55.7    54.4    54.8    55.0    55.1    55.3    54.9    54.6    54.4    54.6    54.8    56.0    55.0    54.9    54.6    55.5    55.0
 1918    55.7    54.9    54.4    55.3    55.7    54.6    54.0    54.4    53.9    54.5    55.2    56.1    55.1    54.4    54.5    55.6    54.9
 1919    55.7    55.0    54.4    55.6    56.2    55.5    53.9    54.2    54.1    54.8    54.8    55.7    55.4    54.5    54.6    55.6    55.0
 1920    56.0    55.0    55.0    55.9    55.5    55.6    54.2    54.8    54.9    54.4    55.6    56.4    55.5    54.9    55.0    55.4    55.3
 1921    55.1    54.6    55.4    54.8    55.8    55.7    54.0    54.1    54.6    54.2    54.6    56.2    55.4    54.6    54.5    55.4    54.9
 1922    55.4    54.6    54.7    55.5    55.9    55.3    54.4    53.9    53.8    54.3    54.5    55.9    55.3    54.5    54.2    55.0    54.9
 1923    54.8    54.3    54.4    55.4    55.0    55.9    54.7    54.2    54.1    54.5    54.5    56.3    55.0    54.9    54.4    55.4    54.8
 1924    54.7    55.2    55.1    55.1    54.8    54.4    53.8    53.7    54.2    54.4    54.8    55.8    55.0    54.0    54.5    55.6    54.7
 1925    56.2    54.7    54.5    54.4    55.1    54.2    53.9    53.9    54.4    54.7    54.2    54.7    54.7    54.0    54.5    54.7    54.6
 1926    55.5    53.8    55.6    55.0    55.6    54.6    54.1    54.2    54.8    54.6    54.7    56.1    55.4    54.3    54.7    55.4    54.9
 1927    55.0    55.0    55.6    55.1    55.4    55.7    54.6    54.2    54.6    54.5    54.3    55.7    55.4    54.8    54.5    55.3    55.0
 1928    55.4    54.7    55.0    55.2    55.2    56.2    54.6    54.6    54.1    54.0    54.6    55.6    55.1    55.1    54.2    54.9    54.9
 1929    55.0    54.0    55.2    54.8    55.2    55.4    54.3    53.7    54.6    54.3    55.0    55.4    55.1    54.5    54.6    55.2    54.7
 1930    55.6    54.5    55.5    55.2    56.1    55.1    54.0    54.3    54.8    55.3    55.2    56.1    55.6    54.5    55.1    55.6    55.1
 1931    55.8    54.8    55.7    56.0    56.7    56.2    54.9    54.3    54.6    54.8    55.7    56.0    56.1    55.1    55.0    55.0    55.5
 1932    55.1    53.8    55.1    55.5    56.3    56.0    54.7    55.1    54.4    55.0    54.0    56.0    55.6    55.3    54.5    55.2    55.1
 1933    55.5    54.2    54.9    55.5    56.3    55.1    55.0    54.5    54.9    54.3    54.4    55.8    55.6    54.9    54.6    55.2    55.0
 1934    55.5    54.4    55.1    56.2    54.7    55.6    55.0    55.1    55.1    54.6    56.3    55.2    55.3    55.2    55.4    54.9    55.2
 1935    55.1    54.5    55.2    55.6    54.9    55.0    54.3    54.5    54.4    54.9    55.7    56.0    55.2    54.6    55.0    55.7    55.0
 1936    55.9    55.3    55.6    55.0    55.0    54.8    54.1    54.2    53.9    54.2    54.2    56.5    55.2    54.4    54.1    55.6    54.9
 1937    55.9    54.4    55.4    54.9    54.5    54.5    53.9    54.4    53.7    54.5    55.2    56.3    54.9    54.3    54.5    55.8    54.8
 1938    56.2    55.1    55.1    54.3    55.7    56.2    55.1    54.5    53.9    54.2    54.6    55.8    55.0    55.2    54.2    55.5    55.0
 1939    55.7    54.9    56.3    55.5    54.5    55.5    54.7    53.1    53.2    54.6    55.0    54.6    55.4    54.5    54.3    54.8    54.8
 1940    55.5    54.4    54.9    54.7    54.4    54.0    53.2    53.7    53.8    54.1    55.0    55.3    54.7    53.6    54.3    55.3    54.4
 1941    55.8    54.9    55.7    55.7    55.7    55.2    54.1    54.1    54.0    54.9    54.7    55.6    55.7    54.5    54.5    55.4    55.0
 1942    55.1    55.5    54.7    55.1    56.2    55.5    54.3    54.0    53.2    54.4    54.6    56.2    55.3    54.6    54.1    54.9    54.9
 1943    55.0    53.6    54.2    54.7    55.3    54.6    53.8    54.5    54.1    53.9    54.9    55.0    54.8    54.3    54.3    55.1    54.5
 1944    55.0    55.1    55.3    54.3    54.5    55.0    54.3    53.6    54.1    53.6    55.5    56.0    54.7    54.3    54.4    55.6    54.7
 1945    55.9    54.9    55.0    54.9    54.7    54.9    54.7    54.2    54.4    54.4    54.2    55.4    54.9    54.6    54.3    55.2    54.8
 1946    55.4    54.8    54.7    54.2    54.7    54.6    53.8    53.9    54.2    54.2    54.8    56.0    54.6    54.1    54.4    55.7    54.6
 1947    55.5    55.6    56.2    55.3    54.3    54.5    54.3    55.1    55.0    55.2    55.7    56.1    55.3    54.6    55.3    55.2    55.2
 1948    54.5    55.0    54.7    55.8    54.5    54.7    54.3    53.5    53.2    53.8    55.2    55.8    55.0    54.2    54.1    55.5    54.6
 1949    55.7    55.1    56.0    54.8    56.0    55.7    53.7    54.3    54.4    54.9    54.9    56.0    55.6    54.6    54.7    55.1    55.1
 1950    54.3    54.9    55.8    55.0    55.3    55.6    55.5    54.4    54.5    55.0    54.4    55.3    55.3    55.1    54.6    54.7    55.0
 1951    55.0    53.7    54.2    54.1    55.1    55.2    53.8    54.0    53.4    55.8    54.8    55.5    54.4    54.4    54.7    54.9    54.5
 1952    54.5    54.6    54.4    54.5    55.5    53.7    54.2    54.1    53.8    53.5    55.2    55.4    54.8    54.0    54.2    55.0    54.4
 1953    55.4    54.1    54.5    55.3    54.6    54.8    53.5    54.6    53.3    54.0    55.0    56.1    54.8    54.3    54.1    54.9    54.6
 1954    54.6    54.1    53.6    56.0    55.6    55.1    54.0    54.7    54.0    54.2    54.0    56.2    55.1    54.6    54.1    55.3    54.7
 1955    55.5    54.2    55.3    55.1    56.5    56.6    55.0    53.9    54.5    53.8    53.4    54.3    55.6    55.2    53.9    54.3    54.8
 1956    54.7    53.9    55.2    55.1    55.7    56.2    55.1    54.7    53.9    54.0    53.7    55.2    55.4    55.3    53.9    55.0    54.8
 1957    54.9    54.8    54.5    54.8    54.5    55.5    54.9    54.2    53.7    54.6    54.8    55.7    54.6    54.9    54.3    55.3    54.7
 1958    56.3    54.0    55.3    54.5    55.3    55.4    54.9    55.1    54.8    55.0    54.7    55.6    55.0    55.1    54.8    55.1    55.1
 1959    55.5    54.3    54.1    53.9    55.8    54.7    54.7    55.2    54.9    54.8    54.7    56.2    54.6    54.9    54.8    55.4    54.9
 1960    55.4    54.6    55.1    55.1    56.2    55.6    54.8    54.6    55.3    54.2    54.9    56.0    55.5    55.0    54.8    55.5    55.1
 1961    55.5    55.0    54.5    56.1    54.3    54.6    55.1    55.2    54.6    54.0    56.0    55.5    55.0    55.0    54.9    54.7    55.0
 1962    55.2    53.2    54.4    54.5    54.9    53.9    54.9    53.9    54.3    53.9    54.8    55.6    54.6    54.2    54.4    54.5    54.5
 1963    54.3    53.8    54.4    56.2    56.7    55.6    54.5    54.4    54.2    54.5    56.2    55.1    55.8    54.8    55.0    54.7    55.0
 1964    54.7    54.4    54.0    56.3    56.0    54.9    53.9    55.1    55.8    54.5    54.6    56.0    55.4    54.6    55.0    54.4    55.0
 1965    54.6    52.6    53.7    55.0    54.1    54.7    54.5    54.9    55.2    54.3    55.5    56.7    54.3    54.7    55.0    55.9    54.7
 1966    55.7    55.3    54.9    55.9    54.4    55.6    54.5    55.3    54.0    55.4    54.8    56.9    55.1    55.1    54.7    55.4    55.2
 1967    54.8    54.5    55.8    54.6    55.6    55.5    54.6    54.8    54.3    54.5    55.8    55.9    55.4    55.0    54.9    55.4    55.1
 1968    55.3    55.0    55.7    54.9    57.0    56.2    55.2    55.1    54.3    54.3    55.3    55.6    55.9    55.5    54.7    55.5    55.3
 1969    55.6    55.3    55.6    54.6    56.2    55.1    54.8    54.1    55.0    55.8    54.6    55.7    55.5    54.7    55.1    55.1    55.2
 1970    55.6    53.9    55.3    55.2    55.3    54.1    53.7    54.5    55.3    55.2    54.5    55.7    55.2    54.1    55.0    55.1    54.9
 1971    54.9    54.7    55.1    54.8    54.2    55.5    54.4    54.3    55.2    54.3    54.8    55.7    54.7    54.7    54.8    55.2    54.8
 1972    55.1    54.8    54.5    54.6    55.3    55.3    54.5    54.7    55.1    55.3    56.2    55.1    54.8    54.9    55.5    55.4    55.0
 1973    55.9    55.1    55.3    55.6    55.7    57.0    55.7    54.8    54.7    55.0    54.8    55.0    55.5    55.8    54.8    56.1    55.4
 1974    57.5    55.8    56.2    55.7    56.7    54.5    55.0    55.0    55.6    55.0    54.6    57.0    56.2    54.8    55.1    55.8    55.7
 1975    55.4    55.0    55.6    55.5    54.7    56.0    54.6    54.7    55.9    55.4    54.2    55.3    55.2    55.1    55.2    55.6    55.2
 1976    55.3    56.0    55.9    54.9    55.3    54.6    53.8    53.8    54.5    56.3    55.0    55.7    55.4    54.1    55.3    56.1    55.1
 1977    57.3    55.4    56.1    55.3    56.1    55.1    55.1    55.0    55.3    55.8    56.5    58.0    55.8    55.1    55.9    56.9    55.9
 1978    57.2    55.4    55.7    54.9    56.3    56.3    55.9    55.3    56.2    55.1    56.0    55.9    55.6    55.8    55.8    55.7    55.8
 1979    56.5    54.7    56.4    55.8    56.4    55.5    55.1    55.9    55.2    54.3    55.4    56.5    56.2    55.5    55.0    55.9    55.6
 1980    55.3    55.8    55.5    55.8    56.3    56.0    55.5    55.6    53.9    55.2    55.3    55.6    55.9    55.7    54.8    56.3    55.5
 1981    56.8    56.5    56.1    55.5    56.8    55.5    55.8    54.8    55.1    55.2    56.0    55.0    56.1    55.4    55.4    55.4    55.7
 1982    54.7    56.4    56.7    55.8    55.5    54.8    54.5    55.1    55.2    55.3    56.2    55.8    56.0    54.8    55.6    55.7    55.5
 1983    56.8    54.5    56.5    57.3    56.6    55.7    55.3    54.5    54.7    55.6    55.0    55.6    56.8    55.2    55.1    55.4    55.7
 1984    55.9    54.8    55.6    54.7    55.2    55.8    55.5    54.1    55.4    55.3    55.4    57.3    55.2    55.1    55.4    56.3    55.4
 1985    55.8    55.6    56.2    55.8    55.9    55.0    54.6    55.2    55.4    56.4    56.0    56.7    56.0    54.9    55.9    55.3    55.7
 1986    54.7    54.6    55.0    55.8    55.5    56.2    56.1    54.6    55.7    55.8    56.3    56.3    55.5    55.7    55.9    55.5    55.6
 1987    54.8    55.4    55.4    54.4    56.2    55.6    54.4    55.6    54.6    55.6    55.6    56.4    55.4    55.2    55.3    56.0    55.3
 1988    56.2    55.3    56.4    56.0    56.6    54.9    54.6    55.8    55.0    54.0    54.7    56.7    56.3    55.1    54.6    55.6    55.5
 1989    55.5    54.5    55.9    55.7    56.1    57.0    55.1    54.8    54.2    54.4    54.6    55.9    55.9    55.6    54.4    56.1    55.3
 1990    56.9    55.7    54.6    56.7    56.0    55.6    55.0    54.2    54.7    54.3    54.2    55.7    55.8    54.9    54.4    55.8    55.3
 1991    56.6    55.2    56.4    55.3    56.4    56.1    55.1    54.2    54.5    54.5    55.4    56.8    56.0    55.1    54.8    55.9    55.5
 1992    55.5    55.3    55.9    55.8    55.9    55.6    54.2    55.2    55.3    54.4    55.2    56.1    55.9    55.0    55.0    55.5    55.4
 1993    55.5    54.9    54.0    54.6    55.9    55.8    56.2    55.0    54.4    54.4    55.8    55.9    54.8    55.6    54.9    55.4    55.2
 1994    55.7    54.6    54.5    54.8    54.8    55.1    53.9    54.3    54.8    55.1    55.5    56.2    54.7    54.5    55.1    55.2    54.9
 1995    55.2    54.3    55.4    55.5    55.9    54.7    54.7    55.0    55.2    54.8    54.3    55.5    55.6    54.8    54.8    55.3    55.0
 1996    55.0    55.4    56.8    56.1    56.0    55.9    55.5    55.9    55.9    55.3    55.4    55.8    56.3    55.8    55.5    55.8    55.8
 1997    55.9    55.8    56.4    55.0    57.0    56.0    55.6    55.2    55.2    55.7    56.3    56.9    56.1    55.6    55.7    56.2    55.9
 1998    55.9    55.7    56.8    57.2    56.2    56.1    56.0    55.5    56.1    54.7    55.2    56.3    56.8    55.9    55.3    55.8    56.0
 1999    55.3    55.9    55.8    56.6    55.8    55.3    55.2    55.6    54.8    56.0    55.7    56.0    56.1    55.3    55.5    56.0    55.7
 2000    55.8    56.1    55.8    57.0    55.7    55.9    54.9    54.8    54.7    56.3    56.1    57.1    56.1    55.2    55.7    56.1    55.8
 2001    55.2    56.1    56.4    56.1    55.4    55.4    55.0    54.4    54.9    55.5    55.4    56.1    56.0    54.9    55.3    55.7    55.5
 2002    55.0    56.1    55.9    56.3    55.1    55.0    54.7    56.0    54.6    54.9    55.6    56.7    55.7    55.2    55.0    55.7    55.5
 2003    55.0    55.3    54.6    54.7    55.4    55.7    53.9    54.5    54.3    54.7    55.5    55.3    54.9    54.7    54.8    55.4    54.9
 2004    56.5    54.4    55.3    54.7    56.5    55.1    54.7    54.2    53.9    54.3    55.4    55.5    55.5    54.7    54.5    55.2    55.0
 2005    55.6    54.6    54.4    54.0    55.0    56.4    54.5    55.3    53.6    54.4    55.2    54.7    54.4    55.4    54.4    55.6    54.8
 2006    56.5    55.5    55.5    55.0    55.6    54.4    54.1    54.6    53.2    54.9    54.9    55.8    55.3    54.4    54.3    55.3    55.0
 2007    56.0    54.1    55.1    54.8    55.6    55.4    54.3    55.0    54.2    54.5    54.0    56.0    55.1    54.9    54.2    55.3    54.9
 2008    55.9    54.0    54.3    53.8    54.7    55.7    54.6    54.8    55.4    55.0    55.1    55.5    54.3    55.1    55.2    55.5    54.9
 2009    55.4    55.6    54.8    53.7    55.1    55.7    53.9    53.3    54.3    54.5    55.7    56.5    54.5    54.3    54.8    56.4    54.9
 2010    55.7    56.9    55.7    55.2    57.6    56.4    56.0    56.0    55.9    55.5    54.6    55.2    56.2    56.1    55.4    55.9    55.9
 2011    56.0    56.5    55.9    54.8    55.4    55.7    55.5    54.5    52.9    54.9    55.5    55.4    55.4    55.2    54.5    54.8    55.2
 2012    55.0    54.0    55.2    55.7    55.0    55.6    54.8    54.7    53.7    54.9    55.9    55.9    55.3    55.0    54.8    55.4    55.0
 2013    55.0    55.3    54.1    53.7    55.5    55.4    54.6    54.6    54.6    54.3    55.3    55.6    54.4    54.9    54.8    55.7    54.8
 2014    55.3    56.2    54.0    54.7    56.6    55.8    55.2    54.5    54.6    54.6    56.3    56.2    55.1    55.1    55.1    55.7    55.3
 2015    56.2    54.6    55.0    54.8    55.2    55.4    54.9    55.4    54.9    55.3    56.1    57.1    55.0    55.2    55.4    55.8    55.4
 2016    56.4    53.9    56.2    55.5    56.6    55.9    55.8    54.3    55.0    55.8    55.3    56.2    56.1    55.3    55.4  -999.0    55.6
