Climatic Research Unit Country File created on Tue 19 Sep 2017 17:57:34 BST, from CRU TS run #1709081022
Country = Norway               : parameter = Cloud Cover                    : Units = percentage          
Period = 1901.2016 : missing value = -999.0 : format = (i5,17f8.1)
 YEAR     JAN     FEB     MAR     APR     MAY     JUN     JUL     AUG     SEP     OCT     NOV     DEC     MAM     JJA     SON     DJF     ANN
 1901    67.7    65.4    65.3    66.6    65.4    68.4    70.8    70.4    73.5    73.7    70.4    68.7    65.8    69.9    72.5    67.0    68.9
 1902    67.0    65.3    65.9    66.6    66.1    68.4    71.0    70.8    73.9    74.1    70.6    68.5    66.2    70.1    72.9    67.4    69.0
 1903    67.7    65.9    66.3    66.6    65.9    68.5    70.8    70.7    73.6    74.4    71.2    69.2    66.3    70.0    73.1    67.7    69.2
 1904    68.0    65.9    65.4    65.9    66.2    68.4    71.0    70.6    74.0    74.4    70.6    68.9    65.8    70.0    73.0    67.4    69.1
 1905    67.3    65.9    66.4    66.3    65.9    68.5    71.0    70.6    74.2    74.5    71.2    69.1    66.2    70.0    73.3    67.6    69.2
 1906    67.7    66.0    65.7    65.9    65.2    68.5    71.1    70.6    73.7    74.2    71.2    69.2    65.6    70.0    73.1    67.7    69.1
 1907    67.7    66.4    65.6    66.5    66.2    68.4    70.9    70.6    73.3    73.8    70.8    68.8    66.1    70.0    72.6    67.6    69.1
 1908    67.7    66.1    65.8    66.6    65.9    68.5    71.1    70.8    74.1    74.1    70.4    69.1    66.1    70.1    72.9    67.5    69.2
 1909    67.7    65.6    66.5    66.7    66.0    68.5    71.0    70.6    73.3    73.9    70.5    69.2    66.4    70.0    72.6    67.6    69.1
 1910    67.7    66.1    66.6    66.1    65.3    67.9    70.4    70.6    73.4    73.6    70.6    69.2    66.0    69.7    72.5    67.3    69.0
 1911    67.3    65.5    65.7    66.4    65.8    68.4    71.1    69.7    73.9    73.7    70.5    69.2    66.0    69.7    72.7    67.3    68.9
 1912    66.9    65.8    66.8    66.5    65.7    68.4    70.5    70.1    74.1    75.2    71.3    69.6    66.3    69.7    73.5    67.7    69.2
 1913    67.7    65.8    65.5    67.4    66.5    68.6    70.9    70.6    74.6    74.2    71.6    68.9    66.5    70.0    73.5    67.6    69.4
 1914    67.4    66.5    66.4    67.1    66.2    68.0    71.2    70.8    73.5    74.6    70.4    69.2    66.6    70.0    72.9    68.0    69.3
 1915    68.0    66.7    66.1    66.2    66.9    68.6    71.2    71.7    74.9    75.2    71.9    69.1    66.4    70.5    74.0    67.9    69.7
 1916    68.2    66.4    66.6    66.8    66.5    68.5    70.9    71.6    74.5    74.9    71.6    69.6    66.6    70.3    73.6    67.3    69.7
 1917    66.8    65.3    65.1    67.3    66.4    68.6    71.3    71.3    75.2    75.8    71.9    68.6    66.2    70.4    74.3    67.0    69.5
 1918    66.6    65.9    66.0    66.7    66.0    69.0    71.2    70.2    74.3    74.2    71.6    69.5    66.2    70.1    73.4    67.7    69.3
 1919    68.1    65.6    65.7    67.2    66.1    68.7    71.1    71.7    73.4    73.8    70.8    68.4    66.3    70.5    72.6    67.6    69.2
 1920    67.7    66.7    66.5    68.0    66.0    68.9    71.4    71.3    74.1    74.8    71.6    68.9    66.8    70.5    73.5    67.2    69.6
 1921    67.6    65.2    65.9    66.3    66.4    69.0    71.5    69.9    73.7    73.9    70.8    68.9    66.2    70.1    72.8    67.5    69.1
 1922    67.7    66.0    66.8    67.5    67.8    69.0    71.7    72.4    74.4    75.2    70.5    69.6    67.4    71.0    73.4    68.2    69.9
 1923    69.2    65.7    67.2    68.1    67.1    69.9    71.8    71.8    75.1    75.5    72.1    70.3    67.5    71.2    74.2    68.3    70.3
 1924    68.6    66.0    65.2    67.1    66.9    69.0    71.2    70.8    75.3    75.8    72.0    70.4    66.4    70.3    74.4    69.0    69.9
 1925    69.2    67.3    67.4    68.3    67.5    69.6    71.3    71.5    75.0    75.8    72.0    69.9    67.8    70.8    74.3    68.4    70.4
 1926    68.3    66.9    67.9    67.5    67.0    69.1    71.2    72.1    74.8    75.7    71.9    70.1    67.5    70.8    74.1    68.6    70.2
 1927    68.7    67.1    67.5    68.7    67.9    69.3    71.3    72.2    74.8    75.8    71.9    69.4    68.0    71.0    74.2    68.4    70.4
 1928    68.7    67.2    67.2    67.6    67.1    69.5    72.3    71.7    75.1    75.3    72.1    69.7    67.3    71.2    74.2    67.7    70.3
 1929    68.2    65.2    66.8    67.3    66.8    69.5    72.0    72.4    75.4    76.0    72.7    70.2    67.0    71.3    74.7    68.7    70.2
 1930    69.1    66.7    67.2    66.7    67.0    69.3    71.4    71.7    73.8    76.1    72.2    69.9    67.0    70.8    74.0    68.6    70.1
 1931    68.7    67.2    67.4    68.1    66.9    69.9    71.5    71.2    74.6    75.9    72.3    70.1    67.5    70.9    74.3    68.2    70.3
 1932    68.6    65.9    67.0    68.7    67.4    69.4    71.5    72.0    75.6    75.9    72.1    70.1    67.7    71.0    74.5    68.7    70.4
 1933    68.7    67.2    67.9    68.2    67.4    68.7    71.9    71.2    74.5    75.5    71.9    68.9    67.8    70.6    73.9    68.3    70.2
 1934    69.0    67.1    67.9    66.3    67.2    69.5    71.9    70.7    73.5    75.8    72.0    70.2    67.1    70.7    73.8    68.6    70.1
 1935    68.5    67.2    67.2    68.0    67.6    69.2    71.9    71.1    75.3    75.9    72.7    70.2    67.6    70.7    74.6    68.7    70.4
 1936    68.8    67.1    67.2    67.9    66.5    68.6    71.9    70.9    74.9    75.3    72.4    70.4    67.2    70.5    74.2    68.7    70.2
 1937    68.7    67.1    67.4    66.5    67.1    69.1    71.6    70.2    75.5    75.5    72.3    70.5    67.0    70.3    74.4    69.0    70.1
 1938    69.1    67.5    68.0    68.4    67.4    69.6    71.6    71.8    75.1    75.7    72.5    70.4    67.9    71.0    74.5    68.8    70.6
 1939    68.8    67.3    67.7    68.0    67.3    69.4    71.7    69.6    75.1    75.3    72.5    70.2    67.7    70.2    74.3    68.4    70.2
 1940    68.5    66.6    66.6    67.8    65.1    69.3    72.0    71.7    76.1    75.8    72.2    70.1    66.5    71.0    74.7    68.2    70.1
 1941    67.4    67.2    66.9    67.1    66.7    69.3    71.2    71.8    75.0    75.2    72.1    69.9    66.9    70.8    74.1    67.9    70.0
 1942    67.8    66.0    65.8    67.0    66.9    69.3    71.7    72.3    75.6    76.3    72.1    70.0    66.6    71.1    74.6    68.7    70.1
 1943    68.5    67.6    66.6    68.9    67.1    69.1    71.7    72.8    75.0    75.9    72.1    70.1    67.6    71.2    74.3    68.8    70.4
 1944    68.9    67.4    67.5    67.6    67.9    69.3    71.6    72.2    73.2    75.5    72.2    70.2    67.6    71.1    73.6    68.5    70.3
 1945    68.5    67.0    66.5    67.6    67.2    69.2    71.0    71.1    75.6    75.0    72.1    69.6    67.1    70.4    74.3    68.5    70.0
 1946    68.7    67.3    66.8    68.3    66.6    69.6    70.6    71.1    75.5    75.3    71.7    70.4    67.2    70.4    74.2    68.5    70.1
 1947    68.8    66.3    66.7    68.3    66.5    67.7    71.3    70.0    74.3    75.0    72.0    70.0    67.1    69.7    73.7    68.5    69.7
 1948    68.5    67.0    66.7    67.1    64.9    68.9    70.7    72.4    74.9    75.9    72.1    69.9    66.3    70.7    74.3    68.3    69.9
 1949    68.1    66.9    67.1    66.0    66.1    68.5    70.6    71.9    74.7    74.8    72.9    70.3    66.4    70.3    74.1    68.6    69.8
 1950    68.1    67.4    66.7    68.0    66.6    68.3    71.8    69.9    75.8    75.0    73.0    70.3    67.1    70.0    74.6    67.1    70.1
 1951    66.8    64.4    67.2    65.5    72.5    68.8    70.0    68.9    75.5    77.9    73.8    70.3    68.4    69.2    75.7    68.1    70.1
 1952    67.7    66.1    66.1    64.2    68.2    68.0    69.2    73.8    78.1    73.6    71.6    72.3    66.2    70.4    74.4    67.9    69.9
 1953    68.9    62.4    64.8    64.1    64.0    72.2    72.5    70.8    73.4    73.4    72.9    68.4    64.3    71.8    73.3    65.3    69.0
 1954    65.2    62.3    64.6    68.3    70.0    66.7    71.7    73.2    70.7    77.2    68.7    71.9    67.6    70.5    72.2    69.2    69.2
 1955    68.0    67.7    63.1    64.5    66.7    70.1    74.7    70.4    72.2    75.4    70.1    68.6    64.8    71.8    72.6    65.9    69.3
 1956    65.5    63.5    67.1    70.9    65.8    71.7    73.4    73.2    76.1    75.6    70.4    69.3    68.0    72.8    74.0    68.1    70.2
 1957    69.6    65.6    65.2    67.1    67.1    67.2    72.3    72.1    78.2    76.5    72.3    69.8    66.5    70.5    75.7    68.7    70.2
 1958    70.3    66.0    68.3    64.2    66.4    68.1    72.3    70.2    71.9    75.9    70.9    72.3    66.3    70.2    72.9    68.2    69.7
 1959    69.2    63.1    65.2    64.1    65.5    66.2    66.3    67.6    76.2    75.1    71.3    67.3    65.0    66.7    74.2    67.4    68.1
 1960    71.0    64.0    67.8    71.5    66.8    69.3    69.3    72.0    76.6    75.3    71.8    70.6    68.7    70.2    74.6    68.2    70.5
 1961    68.5    65.5    66.5    64.9    70.0    69.2    71.7    74.4    73.9    75.8    71.5    67.5    67.1    71.8    73.7    66.5    70.0
 1962    67.2    64.7    66.2    71.0    69.1    68.2    73.1    72.5    74.4    73.9    71.6    68.1    68.8    71.3    73.3    66.7    70.0
 1963    67.0    64.9    65.3    67.3    68.3    72.8    71.6    67.4    73.5    76.7    72.9    71.1    66.9    70.6    74.3    67.5    69.9
 1964    65.5    66.1    65.8    65.2    64.7    66.9    70.0    69.3    73.9    73.7    71.7    66.3    65.3    68.7    73.1    66.8    68.2
 1965    68.2    65.8    65.9    64.7    67.0    66.7    73.0    69.8    75.7    75.4    69.2    70.9    65.9    69.9    73.4    67.6    69.4
 1966    68.6    63.4    65.0    69.3    64.8    70.3    73.0    72.2    75.7    71.6    71.2    69.9    66.4    71.8    72.9    67.5    69.6
 1967    66.6    66.1    67.9    69.4    64.6    69.0    70.0    74.9    76.2    73.9    70.2    67.8    67.3    71.3    73.4    66.8    69.7
 1968    66.7    65.9    62.6    65.6    67.4    71.7    75.3    73.2    72.2    76.5    68.1    70.7    65.2    73.4    72.3    67.7    69.7
 1969    65.7    66.6    66.6    64.7    68.3    67.3    70.0    69.7    72.1    74.2    71.6    69.2    66.5    69.0    72.6    68.0    68.8
 1970    68.7    66.1    67.9    66.8    68.9    64.6    71.1    71.3    73.3    72.9    71.8    70.0    67.9    69.0    72.7    67.7    69.4
 1971    66.5    66.5    64.4    67.1    62.7    68.3    67.5    70.4    75.5    73.1    69.6    69.6    64.7    68.7    72.7    68.0    68.4
 1972    67.4    67.1    65.6    66.6    67.8    67.3    70.6    69.4    72.7    73.2    72.0    70.1    66.7    69.1    72.6    68.5    69.1
 1973    68.7    66.8    63.8    71.8    66.7    66.9    71.9    69.0    71.7    72.2    69.3    69.1    67.4    69.2    71.0    67.8    69.0
 1974    66.9    67.4    67.6    69.1    69.5    69.1    72.9    69.7    73.5    76.5    71.7    70.2    68.7    70.5    73.9    68.3    70.3
 1975    68.0    66.8    68.1    64.5    65.2    70.1    72.1    71.2    74.2    74.8    69.3    70.5    65.9    71.2    72.8    67.5    69.6
 1976    67.1    64.8    67.6    66.1    64.3    67.8    69.5    65.8    75.6    73.6    71.9    69.8    66.0    67.7    73.7    68.4    68.7
 1977    68.3    67.1    67.2    67.3    63.9    67.9    72.8    72.2    73.7    75.1    71.9    68.8    66.1    71.0    73.6    67.5    69.7
 1978    68.0    65.6    66.4    68.3    65.8    68.0    69.8    69.6    75.3    74.9    70.7    67.8    66.8    69.1    73.6    67.4    69.2
 1979    69.4    65.0    67.5    67.5    63.9    67.0    72.6    70.7    74.0    74.6    72.3    69.2    66.3    70.1    73.6    68.1    69.5
 1980    68.3    66.9    65.4    65.2    64.0    67.8    71.8    69.7    74.0    76.1    71.2    70.1    64.8    69.8    73.8    68.1    69.2
 1981    67.8    66.3    65.0    65.3    63.9    69.7    71.2    72.2    74.9    73.7    71.7    68.1    64.7    71.0    73.4    66.5    69.1
 1982    65.6    65.7    68.1    66.5    63.9    69.5    70.5    70.6    71.5    73.4    71.5    70.0    66.2    70.2    72.1    68.8    68.9
 1983    68.4    67.8    68.2    65.3    69.2    69.3    68.8    67.9    72.7    73.8    72.7    67.7    67.6    68.7    73.1    67.5    69.3
 1984    68.2    66.6    65.6    64.3    65.9    69.7    69.8    67.4    74.5    75.2    71.3    68.9    65.3    69.0    73.7    66.6    69.0
 1985    66.0    64.9    67.9    67.1    64.4    67.9    69.7    73.9    74.9    73.5    72.0    69.3    66.4    70.5    73.5    67.1    69.3
 1986    69.8    62.1    66.3    69.3    65.6    66.6    70.3    70.3    75.2    74.7    72.0    69.9    67.1    69.1    74.0    68.4    69.4
 1987    68.8    66.6    65.2    63.1    66.9    67.8    71.3    72.7    74.7    74.0    72.4    67.8    65.1    70.6    73.7    67.5    69.3
 1988    67.9    66.8    67.5    65.1    63.7    69.4    71.5    72.0    74.8    75.1    69.5    68.2    65.4    71.0    73.1    67.6    69.3
 1989    68.0    66.5    66.1    66.5    64.7    65.9    68.1    70.0    71.1    75.5    72.2    68.7    65.8    68.0    72.9    67.5    68.6
 1990    68.5    65.2    64.8    64.4    63.0    70.8    70.2    69.3    75.2    73.5    72.2    69.4    64.1    70.1    73.7    67.4    68.9
 1991    67.0    65.9    67.0    66.9    67.5    68.8    69.3    69.1    71.7    73.1    70.9    67.1    67.1    69.1    71.9    66.3    68.7
 1992    66.3    65.5    65.6    66.9    62.9    66.5    69.5    70.8    74.6    74.1    70.0    67.2    65.1    68.9    72.9    65.8    68.3
 1993    64.8    65.5    64.9    66.4    64.5    67.7    71.8    69.2    74.8    74.5    72.3    69.6    65.3    69.6    73.9    67.8    68.8
 1994    67.7    65.9    66.8    65.5    64.8    68.5    67.6    70.5    76.2    73.4    70.2    69.4    65.7    68.9    73.3    67.1    68.9
 1995    67.4    64.7    65.1    66.4    65.7    68.3    68.2    67.3    74.8    73.3    69.6    69.1    65.7    67.9    72.5    66.4    68.3
 1996    66.6    63.7    61.1    64.7    70.7    66.0    70.7    68.5    75.4    73.2    68.8    66.8    65.5    68.4    72.5    66.7    68.0
 1997    66.3    67.0    62.5    61.3    67.4    59.3    63.3    69.3    76.6    70.1    70.5    74.2    63.7    63.9    72.4    71.6    67.3
 1998    68.4    72.2    67.1    72.4    64.3    67.7    75.1    81.9    84.1    72.5    70.8    69.1    67.9    74.9    75.8    69.4    72.1
 1999    69.4    69.5    72.1    66.2    64.1    66.0    67.4    69.8    76.0    71.4    68.7    68.7    67.5    67.7    72.0    67.7    69.1
 2000    65.6    68.8    64.2    69.0    63.9    65.6    74.2    74.9    72.0    76.3    73.9    73.0    65.7    71.6    74.1    69.1    70.1
 2001    72.1    62.1    64.7    69.2    64.5    63.6    68.5    77.1    85.4    74.8    64.4    70.8    66.1    69.7    74.9    70.2    69.8
 2002    72.2    67.5    63.2    66.8    65.2    58.8    70.3    66.5    74.7    73.8    70.8    67.8    65.1    65.2    73.1    65.8    68.1
 2003    65.1    64.4    67.7    54.8    69.4    67.2    61.4    74.1    67.9    70.1    71.1    66.5    63.9    67.6    69.7    67.0    66.6
 2004    70.3    64.0    68.2    58.9    66.7    71.7    71.0    70.5    69.9    71.8    70.0    67.8    64.6    71.1    70.6    68.3    68.4
 2005    68.9    68.3    63.2    59.0    68.8    73.2    66.5    78.9    70.1    72.2    73.7    71.5    63.7    72.9    72.0    69.0    69.5
 2006    67.2    68.2    60.8    68.5    65.9    67.6    59.6    66.3    68.8    74.7    69.1    67.7    65.1    64.5    70.9    67.8    67.0
 2007    65.9    69.8    65.3    61.4    69.8    65.0    75.5    71.9    73.4    72.9    72.2    69.5    65.5    70.8    72.8    68.6    69.4
 2008    69.2    67.0    68.4    63.6    63.0    68.9    64.0    77.2    72.5    74.0    69.1    68.0    65.0    70.0    71.9    67.4    68.7
 2009    69.0    65.3    69.4    63.9    65.0    72.8    73.3    69.7    70.1    72.3    72.7    70.7    66.1    71.9    71.7    69.4    69.5
 2010    70.2    67.4    65.4    61.6    69.0    71.4    71.9    78.6    70.0    72.6    71.0    67.3    65.3    73.9    71.2    65.9    69.7
 2011    68.6    61.7    61.1    60.3    65.7    71.6    75.3    74.3    73.1    74.1    71.5    68.2    62.4    73.7    72.9    65.5    68.8
 2012    63.5    64.7    68.1    66.0    62.3    75.6    75.7    73.3    72.8    76.4    73.6    70.1    65.5    74.9    74.2    71.8    70.2
 2013    71.9    73.5    59.0    61.3    67.1    72.3    64.2    67.2    70.4    70.7    70.2    68.3    62.5    67.9    70.4    71.2    68.0
 2014    71.5    73.9    66.7    60.5    68.5    69.8    67.4    66.8    71.3    74.4    74.6    71.9    65.2    68.0    73.5    69.7    69.8
 2015    70.7    66.4    63.3    62.2    73.6    75.4    74.1    64.8    73.9    67.3    70.8    66.7    66.4    71.4    70.7    68.0    69.1
 2016    69.5    67.8    74.3    67.0    61.2    71.7    66.0    75.0    70.3    73.6    74.6    68.2    67.5    70.9    72.8  -999.0    69.9
