Climatic Research Unit Country File created on Tue 19 Sep 2017 17:57:34 BST, from CRU TS run #1709081022
Country = Mexico               : parameter = Cloud Cover                    : Units = percentage          
Period = 1901.2016 : missing value = -999.0 : format = (i5,17f8.1)
 YEAR     JAN     FEB     MAR     APR     MAY     JUN     JUL     AUG     SEP     OCT     NOV     DEC     MAM     JJA     SON     DJF     ANN
 1901    52.0    49.2    43.2    55.5    58.9    55.8    64.1    56.6    58.7    54.5    54.3    46.8    52.6    58.8    55.8    48.9    54.1
 1902    49.7    50.4    44.3    54.3    56.8    57.9    62.5    59.1    59.8    48.7    46.2    54.2    51.8    59.8    51.6    51.8    53.7
 1903    47.3    54.1    50.0    51.9    57.7    57.5    65.4    64.8    62.9    42.8    34.8    49.7    53.2    62.6    46.8    42.4    53.2
 1904    39.9    37.5    45.3    49.4    61.7    58.8    64.7    60.7    62.1    58.4    48.5    52.8    52.1    61.4    56.3    53.4    53.3
 1905    47.4    60.1    56.8    58.1    52.6    54.7    57.7    58.4    61.2    48.7    57.7    54.5    55.8    56.9    55.9    50.5    55.6
 1906    42.0    55.2    44.5    55.3    51.0    56.0    68.0    69.2    60.9    51.4    48.7    60.9    50.3    64.4    53.7    52.4    55.3
 1907    52.2    44.3    50.0    53.2    55.4    54.4    65.4    64.7    58.6    58.1    59.8    43.9    52.8    61.5    58.8    46.4    55.0
 1908    47.9    47.3    49.8    55.1    54.1    55.9    65.1    61.3    57.2    42.1    46.5    58.6    53.0    60.8    48.6    50.2    53.4
 1909    45.4    46.5    51.8    52.3    55.7    56.1    62.6    61.1    57.9    41.3    41.3    50.5    53.3    59.9    46.8    45.4    51.9
 1910    44.9    40.9    45.7    51.7    51.3    54.6    57.0    56.4    58.0    47.4    41.0    45.1    49.6    56.0    48.8    48.3    49.5
 1911    47.1    52.8    52.4    55.4    56.1    54.4    61.4    55.6    58.4    48.2    43.3    54.9    54.6    57.1    50.0    47.0    53.3
 1912    48.0    38.1    54.5    56.9    51.7    55.3    59.6    57.8    54.1    58.5    49.1    62.3    54.4    57.6    53.9    56.6    53.8
 1913    52.8    54.7    49.5    55.6    52.1    59.4    60.6    54.6    57.1    48.4    50.5    57.2    52.4    58.2    52.0    50.2    54.4
 1914    45.2    48.4    50.9    52.6    57.1    62.8    63.5    56.2    59.0    53.1    56.0    65.4    53.5    60.8    56.1    57.3    55.9
 1915    55.4    51.0    51.1    57.7    52.5    55.1    60.7    60.0    61.2    43.6    36.1    49.8    53.7    58.6    46.9    49.8    52.8
 1916    54.8    44.8    44.2    53.0    50.3    52.5    61.0    60.0    60.3    48.3    38.7    48.0    49.2    57.9    49.1    49.8    51.3
 1917    58.3    43.1    45.4    51.2    52.5    53.3    59.1    57.2    60.6    42.1    37.5    42.8    49.7    56.5    46.7    45.6    50.3
 1918    46.1    47.9    48.9    54.8    56.2    60.8    59.6    59.0    57.7    51.6    53.6    62.2    53.3    59.8    54.3    57.0    54.9
 1919    56.6    52.0    50.7    51.0    55.4    57.0    65.4    59.4    62.1    59.4    55.6    56.4    52.3    60.6    59.0    57.8    56.7
 1920    61.2    55.9    46.3    50.5    53.2    55.7    56.6    59.6    57.0    48.6    46.1    46.9    50.0    57.3    50.5    47.8    53.1
 1921    49.4    47.1    51.9    51.4    54.8    53.8    63.6    58.2    62.0    46.2    41.7    51.7    52.7    58.5    50.0    51.1    52.6
 1922    56.3    45.4    45.3    54.5    55.7    58.5    60.8    58.7    61.3    50.8    47.0    51.2    51.8    59.3    53.0    53.8    53.8
 1923    50.7    59.6    49.5    56.7    51.1    58.1    60.3    60.4    61.1    51.8    56.3    66.0    52.5    59.6    56.4    55.8    56.8
 1924    51.6    49.7    50.0    55.7    56.2    55.6    61.0    55.3    60.4    45.9    40.2    57.2    54.0    57.3    48.8    48.9    53.2
 1925    45.5    44.0    45.8    51.6    51.8    59.9    59.4    58.4    59.7    53.5    45.9    56.9    49.7    59.2    53.0    53.0    52.7
 1926    55.5    46.5    54.0    56.6    53.7    55.3    61.2    57.4    59.9    54.7    44.1    61.3    54.8    57.9    52.9    53.9    55.0
 1927    48.6    51.7    50.1    49.8    50.0    57.1    58.8    58.0    60.8    51.3    47.1    62.0    50.0    58.0    53.1    54.1    53.8
 1928    47.1    53.2    45.0    51.6    55.9    56.3    59.6    60.2    62.6    50.5    49.5    58.0    50.9    58.7    54.2    49.7    54.1
 1929    44.4    46.6    49.4    56.5    52.5    52.8    63.0    58.8    61.0    51.8    48.2    48.5    52.8    58.2    53.7    47.9    52.8
 1930    52.2    42.9    55.7    56.7    57.5    59.4    62.7    55.2    53.3    54.1    58.5    54.8    56.6    59.1    55.3    53.9    55.3
 1931    51.7    55.2    50.1    55.6    53.5    57.1    61.2    60.0    59.8    48.0    49.1    54.7    53.1    59.4    52.3    49.7    54.7
 1932    47.2    47.0    48.7    51.5    52.9    53.1    60.9    59.2    61.8    52.0    34.7    57.3    51.0    57.7    49.5    50.4    52.2
 1933    48.3    45.5    46.1    53.6    50.9    58.5    61.6    61.1    63.3    52.4    44.4    43.1    50.2    60.4    53.4    45.3    52.4
 1934    48.1    44.7    46.1    55.4    52.4    54.3    62.5    60.3    61.4    46.5    43.6    53.2    51.3    59.1    50.5    51.6    52.4
 1935    51.3    50.4    52.5    55.3    58.5    59.2    62.4    62.5    65.0    54.3    49.0    59.4    55.4    61.3    56.1    51.6    56.6
 1936    46.1    49.4    56.9    53.0    55.8    55.9    63.4    59.2    67.1    46.4    52.1    55.8    55.2    59.5    55.2    53.0    55.1
 1937    54.5    48.6    54.7    50.8    56.5    55.7    61.3    59.3    58.2    50.6    42.5    64.1    54.0    58.8    50.4    57.8    54.7
 1938    56.1    53.3    52.6    55.3    53.3    60.0    64.8    65.1    59.0    46.1    42.5    53.9    53.8    63.3    49.2    51.8    55.2
 1939    53.3    48.2    53.4    44.3    49.1    57.5    62.1    59.3    54.5    45.3    49.3    51.8    48.9    59.6    49.7    49.3    52.3
 1940    51.5    44.7    48.9    50.0    53.8    58.9    59.8    59.2    53.7    51.9    46.2    55.1    50.9    59.3    50.6    55.3    52.8
 1941    53.1    57.8    58.8    55.1    57.3    60.4    66.2    59.5    61.1    54.8    50.0    60.4    57.0    62.1    55.3    55.3    57.9
 1942    52.7    52.8    51.7    50.9    45.1    53.2    58.9    59.2    55.7    51.2    43.4    48.0    49.2    57.1    50.1    48.4    51.9
 1943    53.2    44.1    45.1    49.7    48.8    55.1    56.4    56.7    56.5    52.4    48.5    55.0    47.9    56.1    52.5    49.0    51.8
 1944    48.4    43.7    47.7    50.0    50.0    57.2    58.8    58.9    61.3    46.7    54.2    52.5    49.2    58.3    54.0    50.6    52.4
 1945    52.1    47.1    49.0    51.8    51.2    54.1    60.6    57.4    55.7    52.0    42.4    47.7    50.6    57.4    50.0    48.5    51.8
 1946    52.3    45.5    48.0    55.3    52.4    54.5    58.1    57.5    58.1    52.1    49.1    52.6    51.9    56.7    53.1    49.4    53.0
 1947    53.7    41.9    49.8    53.0    52.6    54.1    57.7    61.0    53.1    43.4    42.9    52.4    51.8    57.6    46.5    48.8    51.3
 1948    44.3    49.6    53.0    49.8    49.3    55.3    59.9    56.4    58.9    56.5    42.9    51.7    50.7    57.2    52.8    54.3    52.3
 1949    59.4    51.8    54.7    55.4    52.7    56.7    61.3    57.0    60.9    55.6    37.7    54.4    54.2    58.3    51.4    50.5    54.8
 1950    49.5    47.5    52.4    54.0    52.3    55.5    60.8    52.3    51.7    42.8    38.4    37.4    52.9    56.2    44.3    41.6    49.6
 1951    42.8    44.4    53.5    53.8    52.9    54.1    59.1    58.5    54.5    50.3    49.9    49.6    53.4    57.2    51.6    45.8    51.9
 1952    45.6    42.3    54.9    56.3    51.3    58.7    59.7    55.7    48.6    35.7    47.7    52.2    54.2    58.0    44.0    45.2    50.7
 1953    37.6    45.7    55.0    54.2    50.8    52.4    57.9    55.7    48.9    47.3    42.3    50.3    53.3    55.4    46.2    47.2    49.9
 1954    46.9    44.2    52.4    57.8    53.1    56.7    61.3    58.3    54.7    49.4    40.4    47.0    54.4    58.8    48.2    48.3    51.9
 1955    53.0    44.9    52.6    53.7    54.6    54.9    61.8    59.9    56.6    45.3    48.0    48.1    53.6    58.9    49.9    46.3    52.8
 1956    44.8    46.2    47.4    57.5    53.3    57.2    59.7    57.1    53.2    43.6    45.3    51.5    52.7    58.0    47.4    50.9    51.4
 1957    52.9    48.4    51.3    56.0    53.6    58.2    60.0    57.7    53.5    53.4    50.3    46.8    53.6    58.7    52.4    48.8    53.5
 1958    49.7    50.0    56.2    51.3    51.6    57.3    60.5    57.7    62.4    65.2    50.4    48.9    53.0    58.5    59.3    51.7    55.1
 1959    49.0    57.2    50.9    55.9    52.6    57.5    60.7    60.6    54.0    49.0    47.7    51.8    53.1    59.6    50.2    50.9    53.9
 1960    56.4    44.5    51.9    52.8    51.4    54.2    61.1    60.9    53.6    51.1    50.4    58.9    52.0    58.7    51.7    55.0    53.9
 1961    62.4    43.9    46.4    49.3    50.8    56.9    60.5    57.3    57.6    44.5    49.7    54.9    48.8    58.2    50.6    48.3    52.9
 1962    48.6    41.4    47.7    50.7    49.8    53.1    58.8    51.5    59.0    46.0    41.5    59.1    49.4    54.5    48.8    49.9    50.6
 1963    48.7    41.9    48.9    49.9    54.1    56.2    60.9    59.7    56.0    50.3    45.7    55.6    51.0    59.0    50.7    48.3    52.3
 1964    46.3    43.1    50.7    53.9    54.7    59.1    61.1    58.5    61.7    47.8    46.2    51.7    53.1    59.6    51.9    48.8    52.9
 1965    46.3    48.4    50.1    53.0    54.4    55.0    56.8    56.2    57.9    46.5    51.1    57.6    52.5    56.0    51.8    52.5    52.8
 1966    50.1    49.9    52.4    54.0    58.8    59.0    60.4    60.2    57.2    47.8    42.4    44.2    55.1    59.9    49.1    44.5    53.0
 1967    44.1    45.2    49.6    54.0    50.4    58.5    61.4    58.6    62.9    48.5    52.3    55.9    51.3    59.5    54.6    52.8    53.4
 1968    53.1    49.5    55.0    57.1    55.4    53.2    63.7    58.4    58.2    46.4    46.7    43.2    55.8    58.5    50.4    47.2    53.3
 1969    48.0    50.3    46.0    51.6    50.2    56.4    61.6    58.2    59.5    51.8    51.5    49.4    49.2    58.7    54.3    49.5    52.9
 1970    51.8    47.2    48.5    53.0    51.4    57.1    62.0    57.8    63.6    50.7    36.0    48.3    50.9    59.0    50.1    43.9    52.3
 1971    42.8    40.6    40.7    52.1    52.5    57.1    61.0    59.9    61.8    59.6    47.0    54.5    48.4    59.3    56.2    49.7    52.5
 1972    47.4    47.3    50.1    48.3    56.1    59.5    60.9    57.5    59.5    54.5    49.0    50.2    51.5    59.3    54.3    50.3    53.3
 1973    49.6    51.1    50.9    51.7    50.7    57.5    61.9    56.7    59.2    50.6    43.8    40.6    51.1    58.7    51.2    42.3    52.0
 1974    48.9    37.6    52.0    51.8    51.6    51.5    60.8    55.4    60.9    53.6    47.0    52.5    51.8    55.9    53.8    47.4    52.0
 1975    44.5    45.2    46.0    53.8    51.6    54.6    62.4    56.3    59.4    44.2    39.3    47.4    50.4    57.8    47.7    44.1    50.4
 1976    44.3    40.7    49.1    56.4    52.9    53.6    66.5    56.2    62.5    51.4    54.6    57.8    52.8    58.8    56.2    53.1    53.8
 1977    56.6    44.8    49.1    53.4    54.6    55.6    58.8    56.3    58.9    53.9    40.4    47.5    52.4    56.9    51.1    49.1    52.5
 1978    51.6    48.2    46.4    52.9    51.9    52.2    56.8    56.1    66.0    55.3    58.9    55.2    50.4    55.0    60.1    53.9    54.3
 1979    55.6    51.0    50.9    51.6    52.1    55.3    56.2    55.9    54.1    37.6    43.9    52.9    51.5    55.8    45.2    50.3    51.4
 1980    48.4    49.6    48.9    49.0    53.2    50.8    56.2    60.4    57.7    52.3    47.6    53.2    50.4    55.8    52.6    54.2    52.3
 1981    58.1    51.2    54.5    61.1    56.4    57.7    61.6    59.5    58.8    54.0    39.8    46.4    57.3    59.6    50.9    46.5    54.9
 1982    45.3    47.8    48.2    54.5    59.4    56.1    60.6    57.3    56.5    48.8    52.2    56.5    54.0    58.0    52.5    53.3    53.6
 1983    53.5    49.8    50.4    50.6    52.4    52.2    60.3    57.4    59.3    55.9    49.9    52.8    51.2    56.7    55.0    52.4    53.7
 1984    58.0    46.4    47.9    49.6    53.0    61.3    61.1    59.6    61.4    60.9    50.8    60.1    50.2    60.7    57.7    55.6    55.8
 1985    55.1    51.5    53.9    55.0    55.3    54.4    58.6    56.3    56.7    58.0    50.2    47.9    54.7    56.4    55.0    44.2    54.4
 1986    42.1    42.7    47.0    53.2    52.3    59.5    60.2    58.1    58.6    51.0    51.6    59.1    50.9    59.3    53.7    51.1    53.0
 1987    45.9    48.2    49.4    51.0    54.8    57.9    60.4    57.8    60.5    50.3    48.0    53.6    51.7    58.7    52.9    52.4    53.1
 1988    54.9    48.8    47.9    55.3    53.9    56.6    63.4    63.1    60.8    51.9    44.7    48.3    52.4    61.1    52.4    50.9    54.1
 1989    55.4    49.0    45.2    49.0    51.8    54.2    57.2    60.4    55.7    47.7    49.2    53.8    48.7    57.3    50.9    49.7    52.4
 1990    47.8    47.6    49.8    55.5    55.2    56.3    63.5    58.9    64.3    47.0    50.6    53.8    53.5    59.6    53.9    52.6    54.2
 1991    55.4    48.6    47.4    55.4    53.0    55.0    64.4    57.7    62.8    48.1    46.2    61.8    51.9    59.0    52.4    58.6    54.6
 1992    60.7    53.4    53.7    54.6    59.4    52.1    55.6    57.0    55.8    46.3    45.9    57.8    55.9    54.9    49.4    55.3    54.4
 1993    57.4    50.8    48.2    48.4    49.9    55.1    61.6    58.6    61.5    50.7    50.5    53.1    48.8    58.5    54.2    49.5    53.8
 1994    46.3    49.0    51.7    53.0    53.9    56.2    56.0    55.9    58.5    52.1    50.1    56.9    52.9    56.1    53.6    51.9    53.3
 1995    52.4    46.4    51.3    51.9    53.0    54.6    58.8    59.7    62.2    49.0    51.9    57.0    52.1    57.7    54.3    52.3    54.0
 1996    52.6    47.2    51.1    52.2    54.8    56.8    61.6    63.3    58.1    50.1    46.2    48.8    52.7    60.6    51.5    48.9    53.6
 1997    50.1    47.7    54.4    58.1    58.2    56.8    61.0    53.7    61.3    52.1    49.4    52.4    56.9    57.1    54.3    48.3    54.6
 1998    53.1    39.3    48.6    52.3    55.2    52.5    68.5    57.4    65.1    55.9    47.0    46.8    52.1    59.5    56.0    47.8    53.5
 1999    49.8    46.8    48.7    54.4    50.5    58.9    66.7    55.9    63.4    54.0    43.6    47.9    51.2    60.5    53.7    47.7    53.4
 2000    50.6    44.5    49.8    53.8    58.1    65.2    58.3    57.3    60.8    56.7    52.1    49.8    53.9    60.3    56.5    53.6    54.8
 2001    59.9    50.9    51.0    57.8    57.6    56.3    62.9    55.9    61.4    48.2    46.2    52.3    55.5    58.4    51.9    52.3    55.0
 2002    52.1    52.7    50.2    56.2    53.0    54.9    66.1    56.6    63.6    48.8    49.9    50.3    53.2    59.2    54.1    53.5    54.5
 2003    57.4    52.8    49.1    57.8    49.1    55.6    53.9    62.8    61.2    55.5    47.4    47.4    52.0    57.4    54.7    53.0    54.2
 2004    64.1    47.4    55.4    60.1    50.6    59.4    61.2    53.2    58.9    52.3    46.2    51.5    55.4    57.9    52.4    56.5    55.0
 2005    56.5    61.5    50.1    52.9    50.9    51.9    58.2    60.2    52.2    54.9    41.4    52.9    51.3    56.8    49.5    50.0    53.6
 2006    50.2    46.8    45.7    49.1    51.0    54.2    63.3    62.0    57.6    55.6    45.9    52.7    48.6    59.8    53.0    55.1    52.8
 2007    64.7    47.7    50.5    52.5    52.6    55.1    59.4    59.4    55.9    44.7    45.6    48.0    51.9    58.0    48.7    47.5    53.0
 2008    53.8    40.7    44.2    46.9    49.9    55.9    63.3    61.8    64.4    50.2    39.7    50.4    47.0    60.3    51.4    46.9    51.8
 2009    48.9    41.5    48.7    48.7    50.3    52.9    55.8    52.5    58.6    54.0    44.2    52.9    49.2    53.8    52.3    55.3    50.8
 2010    55.3    57.6    46.2    53.9    50.1    52.6    65.4    56.5    62.3    40.0    36.8    42.5    50.1    58.2    46.4    43.6    51.6
 2011    46.1    42.1    42.5    47.6    50.9    52.6    62.7    54.5    52.7    50.2    42.2    53.2    47.0    56.6    48.4    53.0    49.8
 2012    51.8    54.0    47.5    50.8    51.8    54.1    64.2    58.9    55.1    46.5    49.4    52.1    50.0    59.1    50.4    54.3    53.0
 2013    60.9    49.8    48.7    51.6    51.0    56.8    63.2    58.3    65.8    51.9    56.3    56.6    50.4    59.5    58.0    50.8    55.9
 2014    48.7    47.1    45.9    54.7    56.6    58.9    59.8    56.6    64.5    51.8    49.6    56.1    52.4    58.4    55.3    56.2    54.2
 2015    59.5    52.9    56.3    60.1    57.2    63.8    59.9    51.9    56.2    56.7    54.1    55.4    57.9    58.6    55.7    50.2    57.0
 2016    51.7    43.5    51.2    55.4    52.9    55.0    59.7    61.4    60.6    43.5    51.0    51.4    53.1    58.7    51.7  -999.0    53.1
