Climatic Research Unit Country File created on Tue 19 Sep 2017 17:57:34 BST, from CRU TS run #1709081022
Country = Bolivia              : parameter = Cloud Cover                    : Units = percentage          
Period = 1901.2016 : missing value = -999.0 : format = (i5,17f8.1)
 YEAR     JAN     FEB     MAR     APR     MAY     JUN     JUL     AUG     SEP     OCT     NOV     DEC     MAM     JJA     SON     DJF     ANN
 1901    75.6    75.2    69.4    60.6    53.9    49.1    43.6    44.6    53.3    60.7    65.3    72.5    61.3    45.8    59.8    74.3    60.3
 1902    75.2    75.2    69.3    60.8    54.1    49.7    43.9    44.3    53.1    60.6    64.6    72.0    61.4    46.0    59.4    74.0    60.2
 1903    74.9    75.0    69.1    60.8    54.1    49.6    43.9    44.6    53.3    60.3    64.8    72.0    61.3    46.1    59.4    73.5    60.2
 1904    73.7    74.7    70.8    60.6    54.1    49.6    42.3    43.9    50.3    60.7    62.9    72.3    61.8    45.3    57.9    74.7    59.7
 1905    75.3    76.4    72.6    60.6    55.6    46.0    39.9    41.1    48.4    60.7    66.9    76.0    62.9    42.3    58.7    78.2    59.9
 1906    79.5    79.1    71.2    60.1    54.1    46.2    40.0    40.9    51.8    61.7    67.7    75.3    61.8    42.4    60.4    77.9    60.6
 1907    79.1    79.3    71.0    59.9    54.1    47.9    40.2    40.7    50.5    62.5    67.3    74.7    61.7    43.0    60.1    76.9    60.6
 1908    78.3    77.7    71.1    59.4    54.1    48.2    42.2    42.9    48.2    59.2    65.3    74.6    61.5    44.4    57.6    76.1    60.1
 1909    77.0    76.6    69.9    60.8    53.0    46.3    39.9    41.9    51.9    60.6    64.0    72.9    61.2    42.7    58.9    76.0    59.6
 1910    77.1    78.2    70.5    60.8    53.3    45.2    41.0    42.0    49.3    56.4    64.4    67.4    61.5    42.7    56.7    69.0    58.8
 1911    75.2    64.5    61.4    47.7    37.9    34.9    40.2    43.0    51.5    59.7    66.5    73.1    49.0    39.4    59.3    75.2    54.6
 1912    76.1    76.3    70.3    58.3    48.9    45.9    38.2    38.5    48.2    49.8    54.7    66.9    59.2    40.9    50.9    69.4    56.0
 1913    71.4    70.0    66.1    54.6    51.5    45.8    40.1    38.3    44.4    54.0    63.3    67.3    57.4    41.4    53.9    71.9    55.6
 1914    74.5    74.0    70.6    61.9    55.3    46.7    40.5    43.5    51.4    61.7    69.3    76.8    62.6    43.6    60.8    78.1    60.5
 1915    78.4    79.0    72.0    61.3    55.2    49.3    43.3    43.9    51.0    60.8    65.4    71.9    62.8    45.5    59.0    75.2    61.0
 1916    76.4    77.2    70.9    60.3    53.7    50.1    43.2    43.8    57.6    61.6    66.4    74.9    61.6    45.7    61.9    75.3    61.4
 1917    75.6    75.4    69.4    61.0    54.9    48.8    41.6    42.1    51.8    59.2    65.6    74.6    61.8    44.2    58.9    77.0    60.0
 1918    77.5    78.7    71.4    60.3    54.1    48.2    41.6    41.7    50.3    59.8    65.3    72.6    61.9    43.8    58.5    74.4    60.1
 1919    75.3    75.4    69.3    60.9    54.3    49.8    44.1    42.9    51.9    61.4    65.5    74.3    61.5    45.6    59.6    76.6    60.4
 1920    77.5    77.8    71.1    60.9    54.6    48.5    42.4    42.9    53.3    58.7    65.8    74.5    62.2    44.6    59.3    76.5    60.7
 1921    77.2    77.8    71.0    61.0    54.4    48.0    42.4    43.0    53.4    60.8    65.4    74.2    62.1    44.5    59.9    75.0    60.7
 1922    75.6    75.2    68.9    60.8    53.9    48.8    44.0    43.9    52.9    60.5    65.6    72.6    61.2    45.5    59.6    74.3    60.2
 1923    75.2    75.1    69.0    60.8    54.1    49.9    44.0    44.7    53.3    60.7    65.3    72.5    61.3    46.2    59.8    74.9    60.4
 1924    76.4    75.9    69.3    61.6    54.0    49.8    43.9    44.7    53.4    60.8    65.3    72.7    61.6    46.1    59.8    74.5    60.7
 1925    75.4    75.3    69.5    60.9    54.2    49.7    43.8    44.7    53.3    60.0    65.3    72.6    61.5    46.0    59.5    74.5    60.4
 1926    75.3    75.5    69.2    61.0    53.9    48.8    43.3    44.6    53.3    60.7    65.2    72.1    61.3    45.6    59.8    74.0    60.2
 1927    74.6    75.3    69.3    61.6    54.5    49.4    44.0    44.1    53.3    60.7    65.5    72.5    61.8    45.8    59.9    74.5    60.4
 1928    75.2    75.7    69.3    61.5    54.1    49.7    43.9    44.6    53.3    60.7    65.0    73.1    61.6    46.1    59.7    74.3    60.5
 1929    74.9    74.8    69.3    60.8    53.8    49.5    43.9    44.6    53.3    60.6    64.9    72.5    61.3    46.0    59.6    73.9    60.2
 1930    74.8    74.4    68.8    59.1    53.7    48.4    43.3    44.1    52.1    61.7    67.4    75.0    60.6    45.3    60.4    77.4    60.2
 1931    78.5    78.9    71.7    62.3    56.2    50.9    44.2    44.7    52.9    62.2    64.5    71.9    63.4    46.6    59.8    73.4    61.6
 1932    75.3    72.9    68.6    58.1    55.1    50.4    44.6    44.6    53.5    56.1    59.6    67.9    60.6    46.5    56.4    71.6    58.9
 1933    72.6    74.4    68.4    59.4    53.3    47.6    42.7    43.5    51.7    59.0    62.1    70.0    60.4    44.6    57.6    71.3    58.7
 1934    71.9    72.0    66.9    55.5    54.2    49.0    43.9    44.6    53.4    61.1    61.9    68.0    58.9    45.9    58.8    73.3    58.5
 1935    76.1    75.8    70.0    58.9    51.6    49.6    43.9    44.6    53.2    60.8    63.5    69.9    60.2    46.1    59.1    72.3    59.8
 1936    71.9    75.1    69.1    60.7    52.8    47.8    40.7    43.4    51.4    60.7    67.4    73.7    60.9    44.0    59.9    74.1    59.6
 1937    74.3    74.3    67.3    57.6    53.5    49.6    43.9    44.1    53.3    61.6    66.5    75.3    59.5    45.9    60.5    73.7    60.1
 1938    71.7    74.0    68.8    57.6    53.3    49.3    43.0    43.7    52.6    59.3    61.5    67.6    59.9    45.3    57.8    71.9    58.5
 1939    74.8    73.3    67.6    58.2    53.7    48.9    43.0    43.3    51.1    57.2    61.7    67.8    59.9    45.1    56.6    69.5    58.4
 1940    71.8    68.9    66.4    55.8    51.5    47.7    42.2    42.9    51.8    59.2    62.7    70.6    57.9    44.3    57.9    72.6    57.6
 1941    73.3    73.9    68.6    60.3    54.7    49.0    41.8    43.4    52.6    59.6    67.0    73.6    61.2    44.7    59.7    73.5    59.8
 1942    73.9    73.0    67.5    57.0    55.0    49.4    42.8    43.6    51.5    58.5    62.8    69.6    59.8    45.3    57.6    71.1    58.7
 1943    70.2    73.6    69.3    63.0    60.6    53.4    50.8    48.3    56.1    63.6    70.2    70.3    64.3    50.8    63.3    75.8    62.5
 1944    80.1    76.9    71.6    61.8    55.5    48.4    44.6    44.0    53.5    61.9    65.3    73.7    63.0    45.7    60.3    75.8    61.5
 1945    78.5    75.1    72.8    64.4    59.3    52.4    49.7    49.2    57.1    69.8    62.7    72.1    65.5    50.4    63.2    76.4    63.6
 1946    76.5    80.6    71.0    63.1    58.0    53.6    48.2    48.3    58.2    66.0    74.8    81.6    64.0    50.0    66.3    83.0    65.0
 1947    81.7    85.9    70.8    66.7    57.3    51.9    50.8    48.7    56.7    64.6    71.9    77.5    65.0    50.4    64.4    77.2    65.4
 1948    77.5    76.4    68.9    63.1    58.8    56.3    48.0    44.1    52.1    70.8    70.1    81.9    63.6    49.5    64.3    79.7    64.0
 1949    80.6    76.6    68.6    59.3    52.4    51.6    48.5    45.2    59.0    67.2    71.6    73.2    60.1    48.4    65.9    77.0    62.8
 1950    81.8    76.1    69.3    55.7    52.8    54.5    48.3    48.1    53.4    66.1    73.1    74.7    59.3    50.3    64.2    77.8    62.8
 1951    79.1    79.6    71.7    65.2    55.2    50.3    43.2    47.1    53.6    67.4    71.0    82.7    64.1    46.8    64.0    80.7    63.8
 1952    80.5    78.9    68.6    62.1    55.2    53.3    50.5    46.2    61.8    64.0    69.4    77.4    62.0    50.0    65.1    77.1    64.0
 1953    77.2    76.7    74.2    63.8    55.1    48.5    39.3    43.7    53.1    67.3    75.5    75.0    64.4    43.9    65.3    77.8    62.5
 1954    76.3    81.9    72.3    62.0    55.5    46.3    42.0    43.7    55.2    64.4    67.5    68.5    63.3    44.0    62.4    74.2    61.3
 1955    75.5    78.6    70.5    57.1    52.2    50.0    43.6    43.5    54.8    60.5    62.0    73.4    59.9    45.7    59.1    73.7    60.1
 1956    77.1    70.7    63.8    57.3    52.4    49.0    43.7    46.8    55.8    64.0    67.2    72.7    57.8    46.5    62.3    75.7    60.0
 1957    75.9    78.6    68.0    62.4    55.0    51.3    40.5    44.7    51.3    60.9    68.6    70.3    61.8    45.5    60.3    75.6    60.6
 1958    79.6    76.9    70.6    62.6    56.5    47.5    47.9    45.3    53.8    70.2    73.5    75.7    63.2    46.9    65.8    78.7    63.3
 1959    81.6    78.7    72.5    63.0    56.4    49.7    44.0    43.1    46.3    51.1    47.6    64.2    64.0    45.6    48.3    68.3    58.2
 1960    72.2    68.5    65.9    61.5    52.0    46.9    40.4    43.9    50.6    60.6    64.0    69.8    59.8    43.8    58.4    70.8    58.0
 1961    70.5    72.2    66.8    60.8    55.8    48.9    41.8    41.1    53.0    56.7    65.4    71.2    61.1    44.0    58.4    71.4    58.7
 1962    70.1    72.9    67.8    59.5    51.9    45.2    44.3    41.5    49.9    56.9    54.0    71.4    59.7    43.6    53.6    73.2    57.1
 1963    72.8    75.5    66.6    59.6    53.1    49.8    39.2    41.1    50.7    59.0    59.0    65.4    59.8    43.4    56.2    67.9    57.6
 1964    69.3    69.1    69.0    58.7    55.7    49.3    43.6    45.4    54.9    66.6    66.2    71.0    61.1    46.1    62.6    73.2    59.9
 1965    75.6    73.2    68.6    59.8    53.4    47.5    44.6    43.6    52.6    58.9    63.2    74.8    60.6    45.2    58.2    74.0    59.6
 1966    72.9    74.2    68.0    58.4    55.3    47.9    40.3    42.0    49.3    64.7    65.7    72.7    60.6    43.4    59.9    72.4    59.3
 1967    70.9    73.7    70.5    57.1    50.9    50.3    45.2    44.4    52.6    58.9    63.6    71.6    59.5    46.6    58.4    74.5    59.1
 1968    72.9    78.9    67.7    58.7    50.3    51.5    45.1    46.7    52.3    60.9    63.5    71.4    58.9    47.8    58.9    72.6    60.0
 1969    73.7    72.6    66.3    59.5    52.2    50.8    42.3    42.0    50.3    56.6    64.8    72.2    59.3    45.0    57.2    71.3    58.6
 1970    73.1    68.7    68.8    61.4    52.0    51.7    44.9    42.0    50.5    59.7    60.5    73.0    60.7    46.2    56.9    75.5    58.9
 1971    77.2    76.3    67.9    58.6    52.6    51.4    43.0    43.6    52.0    64.5    67.1    66.3    59.7    46.0    61.2    69.9    60.0
 1972    73.7    69.8    68.9    58.4    51.7    48.5    43.5    48.1    55.3    56.0    70.0    76.2    59.7    46.7    60.4    76.5    60.0
 1973    76.7    76.5    71.0    63.5    57.7    49.7    48.5    48.5    56.0    64.6    72.1    78.6    64.1    48.9    64.2    80.3    63.6
 1974    79.2    83.0    72.1    65.5    53.7    51.4    45.0    48.7    54.3    68.5    60.9    74.1    63.7    48.4    61.2    77.0    63.0
 1975    78.3    78.5    69.8    60.0    55.7    51.0    44.8    45.7    57.7    60.1    67.8    68.6    61.8    47.2    61.9    73.9    61.5
 1976    77.0    76.2    70.9    57.3    55.9    50.5    38.5    41.5    56.5    57.8    63.2    70.5    61.4    43.5    59.1    73.9    59.6
 1977    75.8    75.6    70.2    59.4    54.5    49.4    47.3    46.1    56.6    63.3    73.8    76.4    61.4    47.6    64.6    77.2    62.4
 1978    77.0    78.2    68.2    61.2    52.7    49.8    48.0    43.9    52.1    63.4    65.8    75.1    60.7    47.3    60.4    75.8    61.3
 1979    78.4    73.8    73.3    61.9    53.9    47.5    42.7    44.3    55.2    56.1    64.0    74.1    63.0    44.8    58.4    75.2    60.4
 1980    74.6    76.9    71.9    63.9    54.3    49.2    47.0    47.1    54.2    64.7    66.1    70.7    63.4    47.7    61.6    77.5    61.7
 1981    80.8    81.1    71.9    62.1    54.9    47.9    42.5    45.3    53.6    64.4    70.4    75.8    62.9    45.2    62.8    77.5    62.5
 1982    77.8    79.0    72.6    64.2    53.4    49.9    48.1    47.4    59.0    66.5    70.5    73.8    63.4    48.5    65.3    76.0    63.5
 1983    77.7    76.5    68.5    63.8    58.9    52.7    50.3    45.3    56.5    60.7    68.9    72.4    63.7    49.5    62.0    78.7    62.7
 1984    81.9    81.9    74.7    64.6    55.4    51.1    45.9    45.2    53.3    64.9    75.3    78.3    64.9    47.4    64.5    78.5    64.4
 1985    76.4    80.7    71.8    65.8    55.1    48.9    45.1    45.9    55.3    61.9    67.3    71.8    64.2    46.7    61.5    77.2    62.2
 1986    77.9    81.9    73.0    62.8    54.5    45.5    41.0    48.5    56.1    57.0    67.1    72.2    63.5    45.0    60.1    72.1    61.5
 1987    77.5    66.7    65.0    58.0    52.4    48.8    43.8    44.0    46.5    57.7    65.4    76.0    58.5    45.5    56.5    72.7    58.5
 1988    73.7    68.5    68.1    61.2    56.2    48.4    36.0    40.2    48.0    51.1    53.3    66.7    61.8    41.6    50.8    68.7    56.0
 1989    71.9    67.6    63.1    58.1    54.6    50.8    38.3    44.0    51.4    58.3    54.7    69.7    58.6    44.4    54.8    71.4    56.9
 1990    71.8    72.7    65.8    59.7    53.4    53.9    47.5    45.6    52.9    61.5    69.0    74.2    59.6    49.0    61.1    74.1    60.7
 1991    74.6    73.4    71.1    63.2    54.5    47.8    41.1    44.4    55.7    61.5    68.7    74.8    63.0    44.4    62.0    76.1    60.9
 1992    76.4    77.2    71.7    58.0    54.8    49.5    46.0    48.8    59.7    65.5    67.7    74.0    61.5    48.1    64.3    75.0    62.4
 1993    80.5    70.6    69.3    57.8    49.9    44.8    45.1    45.1    56.6    63.4    67.0    75.1    59.0    45.0    62.3    75.1    60.4
 1994    75.2    75.1    68.0    60.8    52.9    47.7    43.0    42.4    49.7    58.8    63.6    71.2    60.5    44.4    57.4    73.8    59.0
 1995    75.2    75.1    69.3    60.8    54.1    49.6    43.9    44.6    53.3    60.7    65.3    72.5    61.4    46.1    59.8    73.5    60.4
 1996    74.6    73.4    69.3    61.3    57.4    52.9    44.1    47.5    55.8    58.6    65.0    72.6    62.7    48.2    59.8    75.0    61.0
 1997    75.4    77.0    70.4    60.4    53.1    51.3    48.1    49.4    62.7    62.8    69.6    75.9    61.3    49.6    65.0    78.0    63.0
 1998    80.7    77.5    73.0    65.1    53.2    51.4    45.0    46.9    56.7    61.7    66.3    71.5    63.8    47.8    61.6    74.2    62.4
 1999    74.6    76.5    73.3    65.8    56.0    51.3    45.4    43.9    55.0    62.0    66.7    73.4    65.0    46.9    61.2    76.1    62.0
 2000    79.9    75.0    72.1    66.5    55.8    54.3    45.2    46.8    60.1    63.7    66.4    73.6    64.8    48.8    63.4    75.1    63.3
 2001    75.7    75.9    69.7    64.9    58.5    53.3    45.7    45.5    59.8    62.6    67.0    71.6    64.4    48.1    63.1    74.0    62.5
 2002    72.3    78.3    71.9    63.7    53.3    53.3    45.4    45.7    55.1    60.5    65.1    74.2    63.0    48.1    60.3    73.4    61.6
 2003    75.8    70.4    71.1    56.3    53.7    47.2    39.7    45.8    53.6    59.0    61.3    71.3    60.3    44.3    58.0    72.7    58.8
 2004    74.4    72.3    64.2    57.3    56.9    45.6    52.5    45.4    52.7    56.6    62.0    67.9    59.5    47.9    57.1    70.8    59.0
 2005    68.7    75.7    65.1    62.7    55.1    51.0    43.5    40.6    57.7    64.5    61.7    68.8    61.0    45.0    61.3    69.8    59.6
 2006    71.9    68.6    63.5    58.3    51.0    50.5    38.5    40.3    49.5    65.7    68.7    70.5    57.6    43.1    61.3    72.7    58.1
 2007    74.8    73.0    70.9    60.3    57.7    47.2    45.9    44.0    51.5    60.6    62.5    71.8    63.0    45.7    58.2    74.5    60.0
 2008    81.0    70.8    69.7    58.6    47.0    43.0    33.8    42.2    49.3    62.2    59.2    67.0    58.5    39.7    56.9    69.9    57.0
 2009    72.7    70.0    62.5    63.1    59.9    52.3    50.8    40.0    54.1    57.5    68.2    76.0    61.8    47.7    59.9    77.4    60.6
 2010    78.3    77.8    70.6    57.4    56.9    43.8    44.5    40.5    51.5    61.1    62.0    64.2    61.7    42.9    58.2    72.7    59.1
 2011    70.9    82.9    74.0    55.4    53.5    51.3    43.5    41.7    45.9    60.3    62.4    71.2    61.0    45.5    56.2    71.9    59.4
 2012    73.7    70.6    70.5    64.6    56.5    51.7    41.6    42.8    50.9    58.1    73.1    72.2    63.9    45.3    60.7    73.3    60.5
 2013    72.5    75.2    67.8    53.4    56.4    60.5    47.6    42.5    54.7    68.6    68.1    72.0    59.2    50.2    63.8    76.8    61.6
 2014    80.0    78.3    70.2    64.2    59.5    53.4    47.5    41.9    53.0    60.9    68.0    73.5    64.6    47.6    60.6    73.3    62.5
 2015    71.9    74.7    65.9    59.1    62.9    47.3    42.6    46.2    49.8    63.3    69.1    66.4    62.7    45.4    60.8    68.6    59.9
 2016    67.6    71.9    64.7    58.8    55.4    46.8    34.6    39.4    52.0    61.3    63.4    65.8    59.7    40.3    58.9  -999.0    56.8
