Climatic Research Unit Country File created on Tue 19 Sep 2017 17:57:34 BST, from CRU TS run #1709081022
Country = Qatar                : parameter = Cloud Cover                    : Units = percentage          
Period = 1901.2016 : missing value = -999.0 : format = (i5,17f8.1)
 YEAR     JAN     FEB     MAR     APR     MAY     JUN     JUL     AUG     SEP     OCT     NOV     DEC     MAM     JJA     SON     DJF     ANN
 1901    37.7    39.5    44.2    42.7    35.4    30.8    38.2    35.5    29.8    26.3    29.4    36.1    40.8    34.8    28.5    37.8    35.5
 1902    37.7    39.6    44.2    42.9    35.4    31.0    38.4    35.5    29.8    26.3    29.4    36.1    40.9    34.9    28.5    37.8    35.5
 1903    37.7    39.6    44.2    42.1    35.1    30.8    37.8    35.3    29.8    26.2    29.4    36.1    40.5    34.6    28.5    37.8    35.3
 1904    37.7    39.6    44.2    42.9    35.4    30.8    38.4    35.5    29.8    26.7    29.7    36.1    40.9    34.9    28.7    37.8    35.6
 1905    37.7    39.6    44.3    42.9    35.4    30.8    38.8    35.8    29.8    26.3    29.5    36.1    40.9    35.1    28.5    37.8    35.6
 1906    37.8    39.6    44.2    42.9    35.4    31.5    38.3    35.5    29.8    26.3    29.7    36.2    40.9    35.1    28.6    38.0    35.6
 1907    37.9    39.9    44.2    42.9    35.2    30.8    38.5    35.6    30.0    26.9    29.7    36.1    40.8    35.0    28.9    37.8    35.6
 1908    37.7    39.6    44.2    42.9    35.6    30.7    38.3    35.8    30.2    26.5    29.4    36.2    40.9    34.9    28.7    38.0    35.6
 1909    37.9    40.0    44.2    42.9    35.6    31.5    38.3    35.6    29.8    26.5    29.4    36.1    40.9    35.1    28.6    37.9    35.7
 1910    37.7    39.8    43.9    43.2    35.6    31.5    38.4    35.6    30.2    26.3    29.4    36.1    40.9    35.2    28.6    38.0    35.6
 1911    37.7    40.2    45.0    43.5    36.1    31.7    38.3    35.7    30.5    26.7    29.7    36.6    41.5    35.2    29.0    38.0    36.0
 1912    37.7    39.6    44.2    42.9    35.4    30.8    38.4    35.5    29.3    26.4    29.4    36.0    40.9    34.9    28.4    37.9    35.5
 1913    37.9    39.9    43.8    42.9    35.2    30.8    38.2    34.8    29.8    26.5    29.4    36.1    40.6    34.6    28.6    37.8    35.4
 1914    37.7    39.6    43.8    42.5    35.0    30.8    38.4    35.5    29.8    26.3    29.9    36.0    40.5    34.9    28.7    37.6    35.4
 1915    37.5    39.4    44.1    43.2    35.2    31.4    38.3    35.5    29.9    26.2    29.1    36.1    40.9    35.1    28.4    37.8    35.5
 1916    37.7    39.6    44.2    42.9    35.1    30.6    38.3    35.6    29.8    26.3    29.7    36.1    40.8    34.8    28.6    37.8    35.5
 1917    37.7    39.6    44.8    42.8    35.8    31.5    38.4    35.8    29.8    26.3    29.2    36.1    41.1    35.2    28.4    37.9    35.6
 1918    37.7    39.9    44.2    43.0    35.4    30.8    38.4    35.5    29.8    26.3    29.6    36.0    40.9    34.9    28.6    37.9    35.5
 1919    38.0    39.7    44.2    43.1    36.1    30.8    38.3    35.5    29.8    26.3    29.4    36.1    41.1    34.8    28.5    37.8    35.6
 1920    37.7    39.6    44.2    42.9    35.4    31.2    38.3    35.2    29.8    25.9    29.6    36.1    40.9    34.9    28.5    37.8    35.5
 1921    37.7    39.6    44.3    43.4    35.5    31.1    38.8    35.5    29.3    26.3    29.7    36.0    41.1    35.1    28.4    37.8    35.6
 1922    37.7    39.6    43.5    42.4    35.7    31.7    38.3    35.5    29.8    26.1    29.4    36.4    40.5    35.1    28.4    38.0    35.5
 1923    37.8    39.8    44.2    43.3    35.4    30.8    37.8    35.7    30.1    26.0    29.4    36.1    41.0    34.8    28.5    37.8    35.5
 1924    37.7    39.6    44.2    43.1    35.4    30.8    38.4    35.5    29.8    26.0    29.4    36.0    40.9    34.9    28.4    37.7    35.5
 1925    37.7    39.3    43.8    42.9    35.5    30.8    38.3    35.2    29.8    26.9    29.4    35.4    40.7    34.8    28.7    37.7    35.4
 1926    37.8    39.9    44.2    42.1    35.4    32.6    38.4    35.5    30.1    26.3    29.5    36.1    40.6    35.5    28.6    37.9    35.7
 1927    37.9    39.7    44.2    43.5    35.8    33.5    39.5    36.2    31.3    27.5    30.0    36.5    41.2    36.4    29.6    38.7    36.3
 1928    38.8    40.7    44.7    43.9    36.1    32.0    39.3    35.8    31.0    28.0    30.2    36.0    41.6    35.7    29.8    38.1    36.4
 1929    38.0    40.3    44.8    43.4    36.4    32.1    38.4    36.1    30.4    27.5    30.1    36.5    41.6    35.5    29.3    38.1    36.2
 1930    37.7    40.1    44.2    45.1    36.2    32.3    39.4    36.0    30.0    26.8    29.8    36.1    41.8    35.9    28.9    38.4    36.2
 1931    38.4    40.5    43.9    43.8    36.8    31.8    39.1    35.8    30.4    27.2    30.2    36.4    41.5    35.6    29.3    38.3    36.2
 1932    38.4    40.1    45.4    42.9    36.8    32.0    39.8    36.2    31.0    26.8    30.1    36.6    41.7    36.0    29.3    38.5    36.4
 1933    38.4    40.5    44.5    42.9    36.3    32.1    39.7    36.7    30.6    26.9    30.3    36.4    41.3    36.2    29.2    38.3    36.3
 1934    38.4    40.0    45.3    43.9    37.1    32.5    38.8    36.1    30.1    27.0    30.1    36.5    42.1    35.8    29.1    38.4    36.3
 1935    38.2    40.4    44.3    43.4    36.4    33.2    38.9    35.9    30.6    27.2    30.7    36.3    41.4    36.0    29.5    38.4    36.3
 1936    38.4    40.5    44.7    43.1    37.2    32.1    39.0    36.1    30.6    26.6    30.1    36.9    41.7    35.7    29.1    38.4    36.3
 1937    38.3    39.9    44.6    42.3    36.2    32.6    39.5    36.3    30.3    27.0    30.2    35.6    41.0    36.1    29.2    38.1    36.1
 1938    38.5    40.2    44.5    42.5    36.3    32.9    39.0    36.1    31.2    27.7    30.0    36.6    41.1    36.0    29.6    38.4    36.3
 1939    38.2    40.5    44.9    43.7    35.7    32.6    38.9    36.0    31.1    27.0    30.5    36.7    41.5    35.8    29.6    38.6    36.3
 1940    38.5    40.6    45.0    43.0    36.1    31.8    38.9    35.5    30.9    27.3    30.3    36.3    41.4    35.4    29.5    37.9    36.2
 1941    37.7    39.7    44.5    43.6    35.8    32.0    39.0    36.6    30.6    27.1    30.2    36.5    41.3    35.9    29.3    38.6    36.1
 1942    38.5    40.8    45.4    42.5    35.7    31.6    39.0    35.8    30.5    27.7    30.3    36.5    41.2    35.4    29.5    38.4    36.2
 1943    38.5    40.2    45.3    42.4    36.7    30.5    39.2    36.7    31.1    27.5    30.7    36.7    41.5    35.5    29.8    38.2    36.3
 1944    38.0    40.0    44.9    42.8    36.7    32.2    39.4    36.3    30.3    26.6    30.7    36.2    41.5    36.0    29.2    38.3    36.2
 1945    38.2    40.4    43.7    42.3    35.6    31.7    38.6    35.4    30.3    26.0    29.7    36.0    40.5    35.2    28.7    37.7    35.7
 1946    37.8    39.2    44.8    43.9    34.8    32.7    39.1    35.6    30.3    26.5    29.4    36.3    41.2    35.8    28.7    39.1    35.9
 1947    40.2    40.7    45.4    43.3    36.7    32.5    38.0    36.4    30.5    27.5    29.3    36.3    41.8    35.6    29.1    37.9    36.4
 1948    37.8    39.5    43.1    43.1    37.3    31.4    38.3    34.9    31.5    27.9    29.9    36.7    41.2    34.9    29.8    38.2    36.0
 1949    38.2    39.7    45.4    42.4    36.7    33.1    38.3    37.2    31.1    28.0    30.7    37.2    41.5    36.2    29.9    39.0    36.5
 1950    39.0    40.9    45.4    42.7    36.7    32.5    40.1    35.5    29.8    27.3    30.5    36.0    41.6    36.0    29.2    37.8    36.4
 1951    37.2    40.1    45.4    35.7    33.2    32.2    33.6    34.1    29.2    26.4    23.6    34.6    38.1    33.3    26.4    37.8    33.8
 1952    38.9    39.9    40.7    39.7    36.7    30.3    37.4    32.4    27.5    19.4    27.2    35.8    39.1    33.4    24.7    36.8    33.8
 1953    34.4    40.2    44.9    39.8    35.1    28.7    34.7    33.3    22.8    22.8    30.6    34.6    39.9    32.2    25.4    36.1    33.5
 1954    32.8    40.9    42.4    42.7    33.7    33.0    37.8    32.8    26.3    20.1    34.0    38.8    39.6    34.6    26.8    38.9    34.6
 1955    40.2    37.7    46.8    41.3    34.3    24.2    33.5    31.9    27.9    18.8    27.5    37.6    40.8    29.8    24.7    37.8    33.5
 1956    37.5    38.3    43.8    42.3    30.2    29.8    39.1    31.7    31.1    21.9    23.2    39.2    38.8    33.5    25.4    39.8    34.0
 1957    40.7    39.6    44.9    50.2    38.6    24.5    34.5    28.9    28.7    27.1    33.9    40.2    44.5    29.3    29.9    39.2    36.0
 1958    39.1    38.3    45.0    36.8    37.6    30.7    37.8    33.9    29.9    27.6    29.6    39.0    39.8    34.1    29.0    38.9    35.4
 1959    38.3    39.4    42.9    42.9    39.2    37.0    45.8    41.3    37.2    27.8    31.4    34.7    41.7    41.4    32.1    38.4    38.2
 1960    39.7    40.9    44.5    47.2    39.4    37.9    44.3    36.7    31.3    26.7    31.9    36.1    43.7    39.7    30.0    46.7    38.0
 1961    53.2    50.8    40.5    63.7    36.4    12.9    50.5    36.5    37.2    34.4    29.0    42.3    46.9    33.3    33.6    39.8    40.6
 1962    36.4    40.7    38.7    71.6    41.7    31.7    37.8    38.8    26.4    26.6    30.1    39.4    50.6    36.1    27.7    38.5    38.3
 1963    36.0    39.9    39.8    49.7    56.2    33.9    37.0    36.0    35.0    34.5    27.7    31.0    48.6    35.6    32.4    40.4    38.1
 1964    37.9    52.1    48.4    63.5    44.3    39.6    46.1    52.3    34.7    35.4    27.0    38.3    52.1    46.0    32.4    39.7    43.3
 1965    40.6    40.2    43.0    59.5    26.4    32.6    44.0    37.5    31.1    30.8    34.1    34.7    43.0    38.0    32.0    39.9    37.9
 1966    32.1    52.8    54.5    53.8    41.5    33.6    43.8    41.7    40.9    30.9    31.5    42.1    49.9    39.7    34.4    38.1    41.6
 1967    36.4    35.7    48.2    49.4    27.3    38.7    49.6    49.4    31.2    32.0    23.1    27.4    41.6    45.9    28.8    34.4    37.4
 1968    32.3    43.5    42.4    59.9    53.5    54.0    35.7    31.6    27.9    27.1    34.2    40.0    52.0    40.4    29.7    40.0    40.2
 1969    44.8    35.4    48.5    43.6    42.9    26.6    46.3    42.9    34.6    24.4    35.0    38.5    45.0    38.6    31.4    41.1    38.6
 1970    38.4    46.5    67.2    40.3    40.3    22.5    38.6    34.2    32.5    20.1    35.2    32.2    49.3    31.7    29.3    31.1    37.3
 1971    36.3    24.8    42.7    16.4    15.9    32.1    43.3    26.6    20.1    26.8    31.5    33.4    25.0    34.0    26.2    38.8    29.2
 1972    40.1    42.8    55.1    56.9    27.7    43.4    33.3    33.6    28.5    29.3    29.6    36.8    46.6    36.8    29.1    29.6    38.1
 1973    36.4    15.5    29.7    11.7    34.3    34.2    40.2    35.0    27.7    16.1    21.2    34.5    25.3    36.5    21.6    33.3    28.0
 1974    39.3    26.0    45.9    30.7    27.8     3.5    21.7    33.7    26.2    20.0    18.1    37.5    34.8    19.7    21.4    39.1    27.5
 1975    41.8    37.9    29.6    34.3    32.2    31.4    37.4    20.6    35.4    18.4    27.1    35.1    32.1    29.8    27.0    37.5    31.8
 1976    31.8    45.6    56.6    51.0    34.5    19.2    35.7    35.1    31.6    26.2    31.9    44.4    47.4    30.0    29.9    42.6    37.0
 1977    41.5    41.8    42.3    40.0    41.9    23.4    40.5    26.4    17.6    39.0    40.0    41.4    41.4    30.1    32.2    39.9    36.3
 1978    36.2    42.0    44.5    47.4    24.8     7.6    44.9    37.5    27.6    24.9    31.6    33.1    38.9    30.0    28.1    34.1    33.5
 1979    35.0    34.3    39.6    28.2    19.6    46.7    33.3    35.6    26.5    30.0    22.5    34.3    29.1    38.5    26.3    37.6    32.1
 1980    40.3    38.2    37.4    27.2    33.3    43.1    30.9    30.3    26.3    22.1    29.4    34.4    32.7    34.8    26.0    36.3    32.8
 1981    36.1    38.4    43.3    30.8    36.8    25.9    38.7    32.5    29.5    25.5    26.9    31.5    37.0    32.4    27.3    37.7    33.0
 1982    33.8    47.9    60.0    39.9    41.7    27.1    36.1    39.5    28.6    29.0    36.4    38.7    47.2    34.2    31.3    40.0    38.2
 1983    39.8    41.3    51.5    49.5    41.3    34.5    34.3    38.3    31.1    25.7    30.9    35.6    47.4    35.7    29.2    34.8    37.8
 1984    35.0    33.8    33.9    37.4    36.1    44.3    36.0    39.0    29.5    20.0    29.1    39.1    35.8    39.8    26.2    37.9    34.5
 1985    39.0    35.6    34.8    41.0    49.0    37.3    40.5    29.1    27.9    21.0    30.9    35.8    41.6    35.6    26.6    37.6    35.2
 1986    34.0    43.0    40.7    54.2    24.2    37.5    32.7    33.8    27.0    18.3    27.0    38.3    39.7    34.6    24.1    35.7    34.2
 1987    33.8    35.2    39.7    30.5    35.9    25.6    30.2    34.2    30.0    26.5    24.3    33.0    35.4    30.0    26.9    38.6    31.6
 1988    37.8    44.9    40.8    41.0    36.2    28.8    43.0    34.4    31.3    24.4    26.5    33.2    39.3    35.4    27.4    35.6    35.2
 1989    35.4    38.3    43.9    34.1    31.3    27.8    35.6    32.9    28.7    23.7    29.8    37.9    36.4    32.1    27.4    40.4    33.3
 1990    40.5    42.9    42.6    30.4    27.6    25.7    33.4    34.0    31.2    24.9    29.7    27.2    33.5    31.1    28.6    39.9    32.5
 1991    44.2    48.4    44.1    43.3    38.0    32.7    41.0    38.6    35.2    29.2    25.7    37.6    41.8    37.4    30.0    37.1    38.2
 1992    33.2    40.4    45.2    45.9    48.1    28.0    31.2    40.2    27.5    22.0    23.8    33.8    46.4    33.1    24.4    30.9    34.9
 1993    24.6    34.3    45.1    43.2    35.9    31.9    38.4    35.4    29.8    26.5    29.9    36.4    41.4    35.2    28.7    38.3    34.3
 1994    38.3    40.1    44.3    42.9    36.0    31.4    38.3    35.7    30.3    26.5    29.8    36.1    41.1    35.1    28.9    38.0    35.8
 1995    38.1    39.6    44.4    43.1    35.8    30.8    38.3    35.8    30.0    26.3    29.3    36.0    41.1    35.0    28.5    44.6    35.6
 1996    49.0    48.9    52.4    44.5    40.5    30.0    38.6    35.4    31.0    33.9    37.2    34.2    45.8    34.7    34.1    37.3    39.6
 1997    38.8    38.8    53.7    46.4    43.6    28.2    35.9    35.1    29.0    43.9    41.4    45.2    47.9    33.1    38.1    45.9    40.0
 1998    50.4    42.0    41.6    42.1    42.6    32.1    37.8    34.6    30.8    33.0    26.9    42.1    42.1    34.8    30.2    44.2    38.0
 1999    37.2    53.2    37.6    38.6    39.5    36.0    39.9    36.5    30.6    33.7    28.9    34.8    38.6    37.4    31.1    37.1    37.2
 2000    38.9    37.7    36.5    48.7    40.8    36.6    42.0    37.0    34.4    35.1    35.9    39.0    42.0    38.5    35.1    37.4    38.5
 2001    30.6    42.5    44.1    44.9    40.3    33.2    42.8    35.4    32.4    38.0    30.0    39.3    43.1    37.1    33.5    39.9    37.8
 2002    38.5    41.8    47.4    45.9    39.5    31.8    35.3    36.4    31.3    38.0    30.6    42.5    44.3    34.5    33.3    41.3    38.3
 2003    36.1    45.4    44.7    44.9    40.7    29.2    45.6    39.2    33.0    25.9    29.0    38.4    43.4    38.0    29.3    38.5    37.7
 2004    42.2    34.8    35.3    47.3    36.3    28.5    36.7    36.2    36.2    24.5    27.9    42.2    39.6    33.8    29.5    42.9    35.7
 2005    39.8    46.8    41.4    41.0    39.0    29.4    41.8    36.6    32.6    28.2    31.3    33.1    40.5    35.9    30.7    40.1    36.8
 2006    40.7    46.6    43.9    47.8    39.4    32.2    42.2    43.9    35.0    27.8    37.3    51.0    43.7    39.4    33.3    45.3    40.6
 2007    40.9    44.1    40.3    44.5    38.7    39.0    41.1    39.4    35.6    28.0    24.5    34.8    41.2    39.8    29.4    39.5    37.6
 2008    45.5    38.4    43.3    44.5    41.1    35.0    42.6    44.5    39.0    33.0    34.4    32.3    43.0    40.7    35.5    36.7    39.5
 2009    38.7    39.0    48.0    49.8    38.5    36.2    44.3    41.4    32.7    32.4    34.5    44.9    45.4    40.6    33.2    39.8    40.0
 2010    34.7    39.9    36.7    44.6    42.1    36.1    44.6    45.2    36.2    29.8    26.4    34.2    41.1    42.0    30.8    42.0    37.5
 2011    47.2    44.5    43.7    48.6    40.7    34.7    44.6    46.0    34.2    33.4    34.7    32.0    44.3    41.8    34.1    37.0    40.4
 2012    37.4    41.8    43.8    47.0    39.9    34.5    45.7    44.9    37.3    32.6    36.2    42.5    43.6    41.7    35.3    41.4    40.3
 2013    38.9    42.9    44.1    44.4    45.6    36.9    46.1    49.3    35.6    26.1    31.0    35.4    44.7    44.1    30.9    43.4    39.7
 2014    47.7    47.0    42.7    44.1    39.8    33.5    42.7    41.0    33.0    26.2    34.6    35.7    42.2    39.1    31.2    39.9    39.0
 2015    39.3    44.6    60.9    45.7    43.0    37.5    44.6    41.7    33.9    28.6    32.8    37.5    49.9    41.3    31.8    36.2    40.8
 2016    24.2    46.9    53.9    30.4    36.6    32.1    39.2    40.6    31.1    21.7    28.4    33.2    40.3    37.3    27.1  -999.0    34.9
