Climatic Research Unit Country File created on Tue 19 Sep 2017 17:57:34 BST, from CRU TS run #1709081022
Country = Burundi              : parameter = Diurnal Temperature Range      : Units = degrees Celsius     
Period = 1901.2016 : missing value = -999.0 : format = (i5,17f8.1)
 YEAR     JAN     FEB     MAR     APR     MAY     JUN     JUL     AUG     SEP     OCT     NOV     DEC     MAM     JJA     SON     DJF     ANN
 1901    11.4    11.5    10.3    10.3    10.4    12.1    13.1    14.7    14.4    14.1    12.4    13.2    10.3    13.3    13.6    12.5    12.3
 1902    12.0    12.2    11.3    10.5    11.6    11.6    13.0    14.0    13.4    11.9    10.3    10.8    11.1    12.9    11.9    11.1    11.9
 1903    11.3    11.2    11.2    12.3    11.3    13.6    16.2    13.9    13.4    12.3    11.0    11.0    11.6    14.6    12.2    11.3    12.4
 1904    11.4    11.5    11.3    10.5    13.4    12.9    14.0    13.9    13.4    12.3    11.0    11.0    11.7    13.6    12.2    10.9    12.2
 1905    11.4    10.2    11.3    10.5     8.9    12.9    11.3    12.1    11.4    12.3    11.0    11.0    10.2    12.1    11.6     9.8    11.2
 1906     9.4     9.0    11.3    10.5    11.0    12.9    14.0    13.9    13.4    10.2     8.2    11.0    10.9    13.6    10.6    12.2    11.2
 1907    12.5    13.1    12.6     9.3    10.8    12.6    13.7    14.5    14.6    12.3    11.0    11.0    10.9    13.6    12.6    11.3    12.3
 1908    11.4    11.5    11.3    10.5    11.0    12.9    14.0    13.9    13.4    12.3    11.0    11.0    10.9    13.6    12.2    11.3    12.0
 1909    11.4    11.5    11.3    10.5    11.0    12.9    14.0    13.9    13.4    12.3    11.0    11.0    10.9    13.6    12.2    11.3    12.0
 1910    11.4    11.5    11.3    10.5    11.0    12.9    14.0    13.9    13.4    12.3    11.0    11.0    10.9    13.6    12.2    12.2    12.0
 1911    12.5    13.2    11.3    10.7    10.9    11.7    13.1    12.9    13.1    12.3    10.3    12.0    11.0    12.6    11.9    11.6    12.0
 1912    11.4    11.5    11.3    10.5    11.0    12.9    14.0    13.9    13.4    12.3    11.0    11.0    10.9    13.6    12.2    11.3    12.0
 1913    11.4    11.5    11.3    10.5    11.0    12.9    14.0    13.9    13.4    12.3    11.0    11.0    10.9    13.6    12.2    11.3    12.0
 1914    11.4    11.5    11.3    10.5    11.0    12.9    14.0    13.9    13.4    12.3    11.0    11.0    10.9    13.6    12.2    11.3    12.0
 1915    11.4    11.5    11.3    10.5    11.0    12.9    14.0    13.9    13.4    12.3    11.0    11.0    10.9    13.6    12.2    11.3    12.0
 1916    11.4    11.5    11.3    10.5    11.0    12.9    14.0    13.9    13.4    12.3    11.0    11.0    10.9    13.6    12.2    11.3    12.0
 1917    11.4    11.5    11.3    10.5    11.0    12.9    14.0    13.9    13.4    12.3    11.0    11.0    10.9    13.6    12.2    11.3    12.0
 1918    11.4    11.5    11.3    10.5    11.0    12.9    14.0    13.9    13.4    12.3    11.0    11.0    10.9    13.6    12.2    11.3    12.0
 1919    11.4    11.5    11.3    10.5    11.0    12.9    14.0    13.9    13.4    12.3    11.0    11.0    10.9    13.6    12.2    11.3    12.0
 1920    11.4    11.5    11.3    10.5    11.0    12.9    14.0    13.9    13.4    12.3    11.0    11.0    10.9    13.6    12.2    11.3    12.0
 1921    11.4    11.5    11.3    10.5    11.0    12.9    14.0    13.9    13.4    12.3    11.0    11.0    10.9    13.6    12.2    11.3    12.0
 1922    11.4    11.5    11.3    10.5    11.0    12.9    14.0    13.9    13.4    12.3    11.0    11.0    10.9    13.6    12.2    12.0    12.0
 1923    11.4    13.6    11.3    11.9    11.0    14.5    14.1    16.1    15.5    14.5    13.1    12.8    11.4    14.9    14.4    12.2    13.3
 1924    11.4    12.5    11.7    10.5    11.0    11.6    15.1    12.3    13.6    12.7    11.1    11.0    11.1    13.0    12.5    11.3    12.0
 1925    11.4    11.5    11.3    10.5    11.0    12.9    14.0    13.9    13.4    12.3    11.0    11.0    10.9    13.6    12.2    12.1    12.0
 1926    13.6    11.8    11.3    10.3    11.4    12.9    13.1    14.2    12.8    12.9    12.0    12.2    11.0    13.4    12.6    13.0    12.4
 1927    12.8    13.9    12.3    12.0    13.0    13.9    16.0    14.5    15.5    12.3    13.8    12.8    12.4    14.8    13.9    13.1    13.6
 1928    13.9    12.6    12.5    11.5    11.4    13.1    14.2    13.2    13.8    12.8    12.1    11.7    11.8    13.5    12.9    12.8    12.7
 1929    13.4    13.4    12.8    12.4    13.0    14.4    14.0    15.6    14.9    12.3    11.0    13.5    12.7    14.7    12.7    12.2    13.4
 1930    11.4    11.7    10.4    10.2    11.3    13.5    14.0    15.1    14.5    14.1    13.6    11.0    10.6    14.2    14.1    11.3    12.6
 1931    11.4    11.5    11.3    10.5    11.0    12.9    14.0    13.9    13.4    12.3    11.0    11.0    10.9    13.6    12.2    11.3    12.0
 1932    11.4    11.5    11.3    10.5    11.0    12.9    14.0    13.9    13.4    12.3    11.0    11.0    10.9    13.6    12.2    10.5    12.0
 1933     9.5    10.9    10.7    10.1    10.5    12.1    13.1    13.3    12.9    12.6    12.7    11.1    10.4    12.8    12.7    11.2    11.6
 1934    11.2    11.4    11.7    10.7    10.8    12.3    12.6    13.1    13.5    11.6    11.1    10.4    11.1    12.7    12.1    10.9    11.7
 1935    12.0    10.3    11.3    10.6    10.3    11.3    13.9    13.7    12.8    12.3    12.2    10.6    10.7    13.0    12.4    10.4    11.8
 1936    10.0    10.5    10.7     9.8    10.8    11.5    13.1    13.9    13.2    13.0    12.6    11.3    10.4    12.8    12.9    11.1    11.7
 1937    10.9    11.1    11.3     9.6    11.4    13.6    13.7    13.8    13.4    12.4    10.9    12.0    10.8    13.7    12.2    12.1    12.0
 1938    12.3    12.0    10.6    10.4    10.1    14.0    14.0    14.8    14.3    12.6    11.5    11.1    10.4    14.3    12.8    11.6    12.3
 1939    12.3    11.5    10.4    10.2    10.8    12.2    12.9    13.5    12.9    13.1    11.4    12.0    10.5    12.9    12.5    11.5    11.9
 1940    10.9    11.7    10.6    10.8    10.8    12.8    12.0    13.9    14.6    13.3    12.1    12.3    10.7    12.9    13.3    12.1    12.1
 1941    11.1    12.9    11.7    11.5    10.5    11.7    14.1    13.3    14.7    13.8    11.1    10.6    11.2    13.0    13.2    11.4    12.3
 1942    12.0    11.7    11.0     9.1    11.0    11.0    12.4    13.1    15.1    12.1    10.2    10.7    10.4    12.2    12.5    11.6    11.6
 1943    13.1    11.1    11.4    10.8     9.2    12.9    12.6    13.8    13.6    12.9    12.8    12.4    10.5    13.1    13.1    12.1    12.2
 1944    12.2    11.7    11.6    10.8    11.2    12.8    13.5    13.2    12.0    11.9    11.1    11.0    11.2    13.1    11.7    11.5    11.9
 1945    11.8    11.7    13.0    10.6     9.0    12.9    12.5    12.6    12.7    12.6    11.1    10.6    10.9    12.7    12.1    11.5    11.8
 1946    11.5    12.3    12.3     9.3     8.8    12.9    12.1    12.5    12.7    12.3    11.0    10.3    10.1    12.5    12.0     9.9    11.5
 1947     9.2    10.2     9.9     9.0     8.8    12.9    12.2    12.7    14.6    11.9    10.8    10.9     9.2    12.6    12.5    10.6    11.1
 1948    10.0    10.9    10.3     9.7     9.6    13.0    14.0    14.4    13.6    11.9    12.9    11.2     9.9    13.8    12.8    11.4    11.8
 1949    11.9    11.0    12.0    10.1    10.5    11.0    12.6    12.8    13.3    12.6    12.1    10.5    10.9    12.1    12.6    10.9    11.7
 1950    10.7    11.4    10.6    10.1     9.6    12.8    12.4    13.3    13.9    12.2    12.6    11.8    10.1    12.8    12.9    11.3    11.8
 1951    11.1    11.0    11.3    10.5    10.9    12.6    13.9    13.8    13.2    12.4    10.8    10.7    10.9    13.4    12.1    11.0    11.8
 1952    11.4    11.0    11.2    10.1    10.4    12.4    14.2    13.7    13.2    12.4    10.8    13.0    10.6    13.4    12.1    12.3    12.0
 1953    11.4    12.4    11.3    10.0    10.9    14.0    13.7    14.2    12.8    13.7    13.1    11.1    10.8    14.0    13.2    11.3    12.4
 1954    10.5    12.4    11.9    11.8    12.2    13.3    15.5    14.4    14.4    13.7    11.4    11.0    12.0    14.4    13.2    10.6    12.7
 1955    11.5     9.4    11.8    10.6    10.5    12.8    14.3    15.4    13.2    13.5    12.3    10.9    11.0    14.2    13.0    10.7    12.2
 1956    10.0    11.3    11.5     9.9    10.7    13.1    15.2    14.2    13.8    13.1    11.1    11.1    10.7    14.2    12.7     9.9    12.1
 1957     9.2     9.3     9.6     9.8     9.5    13.6    12.5    14.1    12.7    11.3    10.9     9.0     9.6    13.4    11.6     9.8    11.0
 1958    10.8     9.7     9.4    10.6     9.7    12.4    12.9    13.3    12.4    11.3    10.5     9.6     9.9    12.9    11.4    10.0    11.0
 1959    10.6     9.7     9.4    10.4    10.6    11.4    13.8    13.4    11.7    10.6     9.3     9.2    10.1    12.8    10.5     9.8    10.8
 1960     9.9    10.2     9.4     9.0    10.8    11.8    12.4    12.5    11.5    11.3    10.1    11.8     9.7    12.2    11.0    11.7    10.9
 1961    12.7    10.7    10.8    10.5    11.2    12.9    13.1    12.9    12.6    11.1     9.4    10.0    10.8    13.0    11.0    10.6    11.5
 1962    10.2    11.7    11.0    10.9    10.2    12.3    14.1    12.6    13.0    11.4    11.3    10.8    10.7    13.0    11.9    11.0    11.6
 1963    10.9    11.5    11.2    10.3     9.8    12.7    14.3    14.5    13.8    13.4     9.7    10.3    10.4    13.8    12.3    10.9    11.9
 1964    11.2    11.1    11.0     9.8    11.5    12.7    13.8    13.4    13.2    12.2    11.3    11.4    10.8    13.3    12.2    11.7    11.9
 1965    12.1    11.7    10.9    10.5    11.1    13.8    14.4    13.8    13.1    12.1    10.9    11.0    10.8    14.0    12.0    11.0    12.1
 1966    11.6    10.3    10.3    10.8    12.2    13.1    14.1    13.6    12.6    12.1    10.8    11.4    11.1    13.6    11.9    11.7    11.9
 1967    12.0    11.6    11.6    10.4     9.9    12.9    13.4    14.1    12.4    11.7    10.0    10.5    10.6    13.5    11.4    10.8    11.7
 1968    11.4    10.6    10.6     9.7    11.1    12.3    14.2    14.3    14.1    12.8    10.9    10.5    10.5    13.6    12.6    10.7    11.9
 1969    11.0    10.7    11.1    11.4    10.8    13.0    15.0    15.1    13.9    12.7    11.3    11.5    11.1    14.4    12.6    11.1    12.3
 1970    10.6    11.4    10.5    10.2    11.2    13.0    13.6    13.2    13.7    12.9    11.1    10.3    10.6    13.3    12.6    11.1    11.8
 1971    11.4    11.7    11.6    10.1    10.8    13.8    13.3    13.7    13.3    12.3    11.0    10.9    10.8    13.6    12.2    11.1    12.0
 1972    11.6    10.7    11.8    11.4    10.8    11.5    13.8    13.8    13.4    12.1    10.3    11.0    11.3    13.1    11.9    11.5    11.9
 1973    11.1    12.4    12.2    11.0    11.8    12.2    14.7    13.9    12.4    12.6    11.6    11.6    11.7    13.6    12.2    11.9    12.3
 1974    12.1    12.0    11.8    10.4    10.4    12.1    12.2    14.6    14.1    13.2    11.3    11.4    10.9    12.9    12.9    11.8    12.1
 1975    11.7    12.5    11.4    11.0    11.2    12.2    12.8    12.8    11.9    11.3    11.8    10.9    11.2    12.6    11.7    11.5    11.8
 1976    12.0    11.6    11.4    10.3    10.1    12.4    12.6    13.1    12.7    12.0    10.9    11.3    10.6    12.7    11.9    11.0    11.7
 1977    10.6    11.1    11.3     9.6    10.7    12.8    13.7    13.4    13.3    12.5    10.3    10.7    10.5    13.3    12.1    11.3    11.7
 1978    11.4    11.8    10.3     9.7    11.6    13.0    14.1    13.1    12.8    12.4    10.2     9.9    10.6    13.4    11.8    10.8    11.7
 1979    11.5    10.9    11.5    10.3    10.6    12.7    14.1    14.1    14.6    12.6    10.7    10.7    10.8    13.6    12.6    11.2    12.0
 1980    11.1    11.7    11.6    10.5    10.3    12.7    14.2    13.8    12.8    12.6    11.3    10.9    10.8    13.6    12.2    11.6    12.0
 1981    11.8    11.9    10.9    10.5    10.5    13.5    13.9    13.4    13.4    12.6    12.1    11.6    10.6    13.6    12.7    11.8    12.2
 1982    11.6    12.2    12.4    10.6    10.4    12.9    14.3    14.3    13.7    11.6    10.4    11.2    11.1    13.8    11.9    11.8    12.1
 1983    11.7    12.4    11.5    10.7    11.0    13.0    13.7    13.0    13.8    11.6    11.6    11.4    11.1    13.2    12.3    11.6    12.1
 1984    11.1    12.2    12.2    11.1    12.0    13.4    13.5    14.0    14.7    13.1    11.0    11.6    11.8    13.6    13.0    11.6    12.5
 1985    12.5    10.8    11.9    10.3    11.6    13.2    14.4    14.7    13.3    12.4    11.0    10.9    11.3    14.1    12.2    11.5    12.3
 1986    11.4    12.0    11.5    10.4    10.5    13.6    14.9    15.3    13.6    11.8    10.9    10.8    10.8    14.6    12.1    11.3    12.2
 1987    11.2    11.9    11.8    11.0    10.8    12.8    14.9    15.3    14.0    12.7    11.9    12.4    11.2    14.3    12.9    12.3    12.6
 1988    11.7    12.9    11.8    11.3    12.2    14.1    14.1    13.7    14.0    12.7    11.5    11.5    11.8    14.0    12.7    11.3    12.6
 1989    10.9    11.4    11.5    11.1    11.5    13.7    14.7    14.4    13.9    12.7    11.9    10.6    11.4    14.3    12.8    11.2    12.4
 1990    12.1    11.0    11.0    10.8    11.7    14.5    15.5    14.6    13.8    13.2    11.8    11.3    11.2    14.9    12.9    12.2    12.6
 1991    12.4    12.8    12.4    11.4    10.9    13.6    15.3    15.5    15.4    12.4    12.5    11.5    11.6    14.8    13.4    12.3    13.0
 1992    13.2    12.3    12.9    11.0    11.5    12.7    15.3    14.1    14.5    13.0    11.4    11.7    11.8    14.0    13.0    11.4    12.8
 1993    11.3    11.3    12.4    12.6    11.9    14.0    15.5    15.1    14.3    13.8    12.7    12.0    12.3    14.9    13.6    11.9    13.1
 1994    11.9    11.6    12.3    12.5    12.0    13.9    15.1    16.0    15.4    12.2    12.0    11.9    12.3    15.0    13.2    12.3    13.1
 1995    12.5    12.4    12.7    12.1    12.1    13.2    14.8    13.7    14.3    13.1    13.1    12.6    12.3    13.9    13.5    12.5    13.0
 1996    12.6    12.4    12.2    12.0    13.9    14.4    15.8    16.7    15.1    12.2    12.7    12.5    12.7    15.6    13.3    12.1    13.5
 1997    12.2    11.7    12.6    10.8    11.1    14.2    15.3    16.7    14.0    11.5    12.3    12.0    11.5    15.4    12.6    12.4    12.9
 1998    12.3    12.8    12.0    10.4    10.5    13.5    15.5    15.0    15.4    13.7    12.1    12.2    11.0    14.7    13.7    12.6    12.9
 1999    12.3    13.2    11.5    12.3    12.4    15.0    16.1    14.5    14.2    13.6    11.5    11.0    12.1    15.2    13.1    12.2    13.1
 2000    12.5    12.9    11.7    12.3    13.3    14.1    14.0    15.7    13.4    13.6    11.4    10.7    12.4    14.6    12.8    10.3    13.0
 2001     9.3    11.0    11.5    11.8    11.1    13.3    14.2    14.8    13.7    12.9    12.0    11.7    11.5    14.1    12.9    11.4    12.3
 2002    10.5    11.9    10.8    10.4    11.5    14.5    15.2    14.7    14.4    11.9    10.6    10.4    10.9    14.8    12.3    11.6    12.2
 2003    11.6    12.7    12.2    11.2    10.7    13.0    14.6    15.5    13.5    13.1    12.5    12.1    11.4    14.4    13.0    11.7    12.7
 2004    11.8    11.2    11.1    10.2    12.0    14.3    15.6    15.2    13.4    12.7    10.3    10.5    11.1    15.1    12.1    11.5    12.4
 2005    11.3    12.5    11.6    10.8    11.1    13.2    15.8    14.7    12.9    13.7    12.3    12.2    11.2    14.6    13.0    12.3    12.7
 2006    12.3    12.4    11.3    10.3    10.2    14.3    14.6    14.7    14.8    13.9    10.7     9.3    10.6    14.6    13.1    10.7    12.4
 2007    11.1    11.7    12.6    11.9    11.4    12.6    14.2    14.9    14.2    13.7    12.1    10.9    12.0    13.9    13.3    11.5    12.6
 2008    11.8    11.7    11.0    11.6    12.3    13.2    15.2    15.1    14.0    13.0    12.0    11.0    11.6    14.5    13.0    11.6    12.7
 2009    11.8    11.9    11.7    11.0    10.9    13.7    14.9    15.2    14.4    12.4    11.7    11.3    11.2    14.6    12.8    11.5    12.6
 2010    11.8    11.6    11.4    11.9    11.4    13.6    15.2    15.8    14.3    13.6    11.7    12.1    11.6    14.8    13.2    11.9    12.9
 2011    11.7    11.9    11.4    12.0    11.9    13.9    14.9    13.8    13.0    13.1    10.9    10.8    11.8    14.2    12.4    12.0    12.4
 2012    12.6    12.7    11.9    11.4    11.2    13.2    15.1    14.6    13.8    12.7    11.1    11.0    11.5    14.3    12.5    11.6    12.6
 2013    11.5    12.3    10.9     9.9    11.9    14.2    15.9    14.9    13.5    12.9    12.4    10.4    10.9    15.0    12.9    10.6    12.6
 2014    10.6    10.7    11.6    11.5    11.0    12.1    14.0    12.2    12.9    11.8    10.8    11.0    11.4    12.7    11.8    12.1    11.7
 2015    11.2    14.1    11.1     9.9    10.5    12.0    13.8    14.4    13.4    11.4     9.9    10.7    10.5    13.4    11.6    10.7    11.9
 2016    10.0    11.5    11.9    10.6    10.9    12.9    14.5    14.7    13.4    13.1    11.0    11.0    11.1    14.1    12.5  -999.0    12.1
