Climatic Research Unit Country File created on Tue 19 Sep 2017 17:57:34 BST, from CRU TS run #1709081022
Country = Ecuador              : parameter = Diurnal Temperature Range      : Units = degrees Celsius     
Period = 1901.2016 : missing value = -999.0 : format = (i5,17f8.1)
 YEAR     JAN     FEB     MAR     APR     MAY     JUN     JUL     AUG     SEP     OCT     NOV     DEC     MAM     JJA     SON     DJF     ANN
 1901    12.3    12.0    12.0    11.8    11.9    11.9    12.3    13.0    13.2    12.9    13.2    12.9    11.9    12.4    13.1    12.4    12.4
 1902    12.3    12.0    12.0    11.8    11.9    11.9    12.3    13.0    13.2    12.9    13.2    12.9    11.9    12.4    13.1    12.4    12.4
 1903    12.3    12.0    12.0    11.8    11.9    11.9    12.3    13.0    13.2    12.9    13.2    12.9    11.9    12.4    13.1    12.4    12.4
 1904    12.3    12.0    12.0    11.8    11.9    11.9    12.3    13.0    13.2    12.9    13.2    12.9    11.9    12.4    13.1    12.4    12.4
 1905    12.3    12.0    12.0    11.8    11.9    11.9    12.3    13.0    13.2    12.9    13.2    12.9    11.9    12.4    13.1    12.4    12.4
 1906    12.3    12.0    12.0    11.8    11.9    11.9    12.3    13.0    13.2    12.9    13.2    12.9    11.9    12.4    13.1    12.4    12.4
 1907    12.3    12.0    12.0    11.8    11.9    11.9    12.3    13.0    13.2    12.9    13.2    12.9    11.9    12.4    13.1    12.4    12.4
 1908    12.3    12.0    12.0    11.8    11.9    11.9    12.3    13.0    13.2    12.9    13.2    12.9    11.9    12.4    13.1    12.4    12.4
 1909    12.3    12.0    12.0    11.8    11.9    11.9    12.3    13.0    13.2    12.9    13.2    12.9    11.9    12.4    13.1    12.4    12.4
 1910    12.3    12.0    12.0    11.8    11.9    11.9    12.3    13.0    13.2    12.9    13.2    12.9    11.9    12.4    13.1    12.4    12.4
 1911    12.3    12.0    12.0    11.8    11.9    11.9    12.3    13.0    13.2    12.9    13.2    12.9    11.9    12.4    13.1    12.4    12.4
 1912    12.3    12.0    12.0    11.8    11.9    11.9    12.3    13.0    13.2    12.9    13.2    12.9    11.9    12.4    13.1    12.4    12.4
 1913    12.3    12.0    12.0    11.8    11.9    11.9    12.3    13.0    13.2    12.9    13.2    12.9    11.9    12.4    13.1    12.4    12.4
 1914    12.3    12.0    12.0    11.8    11.9    11.9    12.3    13.0    13.2    12.9    13.2    12.9    11.9    12.4    13.1    12.4    12.4
 1915    12.3    12.0    12.0    11.8    11.9    11.9    12.3    13.0    13.2    12.9    13.2    12.9    11.9    12.4    13.1    12.4    12.4
 1916    12.3    12.0    12.0    11.8    11.9    11.9    12.3    13.0    13.2    12.9    13.2    12.9    11.9    12.4    13.1    12.4    12.4
 1917    12.3    12.0    12.0    11.8    11.9    11.9    12.3    13.0    13.2    12.9    13.2    12.9    11.9    12.4    13.1    12.4    12.4
 1918    12.3    12.0    12.0    11.8    11.9    11.9    12.3    13.0    13.2    12.9    13.2    12.9    11.9    12.4    13.1    12.4    12.4
 1919    12.3    12.0    12.0    11.8    11.9    11.9    12.3    13.0    13.2    12.9    13.2    12.9    11.9    12.4    13.1    12.4    12.4
 1920    12.3    12.0    12.0    11.8    11.9    11.9    12.3    13.0    13.2    12.9    13.2    12.9    11.9    12.4    13.1    12.4    12.4
 1921    12.3    12.0    12.0    11.8    11.9    11.9    12.3    13.0    13.2    12.9    13.2    12.9    11.9    12.4    13.1    12.4    12.4
 1922    12.3    12.0    12.0    11.8    11.9    11.9    12.3    13.0    13.2    12.9    13.2    12.9    11.9    12.4    13.1    12.4    12.4
 1923    12.3    12.0    12.0    11.8    11.9    11.9    12.3    13.0    13.2    12.9    13.2    12.9    11.9    12.4    13.1    12.4    12.4
 1924    12.3    12.0    12.0    11.8    11.9    11.9    12.3    13.0    13.2    12.9    13.2    12.9    11.9    12.4    13.1    12.4    12.4
 1925    12.3    12.0    12.0    11.8    11.9    11.9    12.3    13.0    13.2    12.9    13.2    12.9    11.9    12.4    13.1    12.4    12.4
 1926    12.3    12.0    12.0    11.8    11.9    11.9    12.3    13.0    13.2    12.9    13.2    12.9    11.9    12.4    13.1    12.4    12.4
 1927    12.3    12.0    12.0    11.8    11.9    11.9    12.3    13.0    13.2    12.9    13.2    12.9    11.9    12.4    13.1    12.4    12.4
 1928    12.3    12.0    12.0    11.8    11.9    11.9    12.3    13.0    13.2    12.9    13.2    12.9    11.9    12.4    13.1    12.4    12.4
 1929    12.3    12.0    12.0    11.8    11.9    11.9    12.3    13.0    13.2    12.9    13.2    12.9    11.9    12.4    13.1    13.0    12.4
 1930    14.2    12.0    13.3    11.8    11.9    12.5    12.9    13.9    14.6    12.3    13.0    13.3    12.3    13.1    13.3    12.5    13.0
 1931    12.6    11.6    12.0    12.2    11.0    10.9    11.0    13.4    12.5    13.8    14.0    11.6    11.7    11.8    13.4    11.0    12.2
 1932    10.5    10.9    11.5    11.1    10.2    10.6    12.4    11.6    12.9    11.7    12.7    12.2    10.9    11.5    12.4    11.3    11.5
 1933    10.2    11.4    10.9    11.4    11.0    10.9    11.5    14.4    14.9    14.1    12.5    12.4    11.1    12.2    13.8    12.7    12.1
 1934    13.1    12.7    13.0    13.3    13.0    11.4    12.6    14.7    13.2    13.5    13.5    13.3    13.1    12.9    13.4    12.8    13.1
 1935    12.9    12.1    12.0    12.8    12.3    12.2    13.7    13.3    15.4    12.9    13.6    12.9    12.4    13.1    14.0    13.1    13.0
 1936    12.3    14.2    12.0    13.7    12.6    13.2    13.4    15.0    15.4    14.1    13.2    14.3    12.8    13.9    14.2    13.1    13.6
 1937    12.9    12.0    12.0    13.5    13.4    11.9    12.3    13.0    13.9    14.6    13.8    13.8    13.0    12.4    14.1    13.0    13.1
 1938    12.9    12.4    12.5    11.7    12.3    12.7    13.2    13.3    14.9    13.8    14.5    13.7    12.2    13.1    14.4    13.4    13.2
 1939    14.4    12.0    12.0    13.0    13.3    11.9    13.9    13.0    13.2    14.3    13.2    12.9    12.8    12.9    13.5    13.9    13.1
 1940    14.7    14.3    16.1    11.8    13.3    13.2    13.0    13.0    14.9    14.6    15.1    15.2    13.7    13.1    14.9    14.2    14.1
 1941    13.8    13.7    13.3    13.2    12.1    11.8    13.9    13.3    13.6    14.0    14.6    13.9    12.9    13.0    14.1    13.5    13.4
 1942    13.6    13.0    12.3    13.0    12.9    13.1    14.1    14.4    14.7    13.7    14.2    13.2    12.7    13.8    14.2    12.9    13.5
 1943    12.7    12.7    13.3    12.6    12.4    13.0    12.2    14.7    15.2    14.2    14.6    13.9    12.8    13.3    14.7    13.3    13.5
 1944    12.8    13.4    12.1    12.1    12.8    12.2    13.5    14.1    14.3    14.4    14.1    14.0    12.3    13.3    14.3    13.2    13.3
 1945    13.2    12.3    12.6    12.5    12.5    11.9    13.2    13.5    15.1    13.6    14.1    14.1    12.5    12.9    14.3    13.6    13.2
 1946    13.6    13.2    12.9    11.9    11.9    13.2    12.6    14.3    14.8    14.3    13.8    13.3    12.2    13.3    14.3    12.8    13.3
 1947    12.6    12.6    13.4    12.1    12.2    12.0    12.2    13.2    13.7    12.8    13.9    14.0    12.6    12.5    13.5    13.7    12.9
 1948    13.4    13.8    12.5    11.4    12.1    12.4    12.4    13.6    14.1    13.9    13.9    14.2    12.0    12.8    14.0    13.0    13.2
 1949    12.7    12.1    12.4    13.1    13.2    12.1    12.2    13.1    14.1    13.4    13.5    13.5    12.9    12.4    13.7    13.7    12.9
 1950    14.4    13.1    13.6    13.6    12.0    12.7    13.4    14.7    15.0    13.6    13.7    13.5    13.0    13.6    14.1    12.8    13.6
 1951    12.9    12.0    13.0    12.2    12.6    11.7    12.3    13.5    13.7    14.6    14.6    13.5    12.6    12.5    14.3    13.1    13.0
 1952    13.1    12.8    12.7    12.2    11.8    12.0    12.6    14.0    14.6    14.2    14.6    13.3    12.2    12.9    14.5    13.1    13.2
 1953    13.3    12.7    11.9    12.7    12.6    12.8    13.9    12.1    15.1    13.1    14.1    13.8    12.4    12.9    14.1    13.8    13.2
 1954    14.7    13.1    13.8    12.0    12.5    12.5    12.4    14.3    14.9    13.2    13.6    12.5    12.8    13.1    13.9    12.8    13.3
 1955    13.0    12.9    11.8    12.2    11.9    11.5    11.6    13.3    13.7    12.7    14.4    13.9    12.0    12.1    13.6    13.4    12.7
 1956    13.0    13.3    11.8    12.3    12.2    12.1    12.9    13.5    13.5    12.9    14.2    12.7    12.1    12.8    13.5    13.0    12.9
 1957    13.6    12.8    12.5    12.7    12.2    13.2    12.3    13.8    14.4    14.3    15.3    13.8    12.5    13.1    14.7    13.9    13.4
 1958    14.5    13.5    13.3    12.6    12.6    12.1    13.4    13.8    15.1    14.7    15.1    13.6    12.9    13.1    15.0    13.7    13.7
 1959    12.8    14.7    12.7    13.1    13.4    11.7    13.1    13.8    15.5    14.0    14.5    13.2    13.1    12.9    14.6    12.8    13.5
 1960    12.8    12.4    13.2    13.1    13.1    13.2    12.9    14.4    14.9    14.6    14.5    13.3    13.1    13.5    14.7    13.2    13.5
 1961    13.1    13.2    14.0    12.6    13.4    12.7    12.0    14.3    15.0    13.6    12.3    13.6    13.3    13.0    13.6    12.8    13.3
 1962    12.3    12.3    11.7    12.1    11.8    12.1    13.0    13.4    15.2    14.3    13.7    13.4    11.9    12.8    14.4    12.7    12.9
 1963    13.1    11.5    12.5    12.3    13.0    13.3    12.3    14.1    15.0    15.4    13.8    14.2    12.6    13.3    14.8    13.8    13.4
 1964    14.7    12.7    14.0    11.3    12.6    11.0    12.6    12.6    13.5    13.4    13.1    13.1    12.6    12.1    13.3    13.2    12.9
 1965    12.5    14.0    13.9    11.0    12.1    13.8    14.0    14.2    14.6    14.3    13.6    13.8    12.3    14.0    14.2    14.2    13.5
 1966    14.0    14.7    12.7    12.4    12.6    12.3    11.9    13.0    14.0    14.0    13.3    12.4    12.6    12.4    13.8    11.8    13.1
 1967    11.6    11.3    12.2    13.0    12.3    11.6    12.1    14.5    14.2    13.9    13.8    13.7    12.5    12.7    14.0    13.0    12.8
 1968    13.2    12.1    12.1    12.6    12.9    11.9    11.9    13.6    11.6    14.2    15.2    14.5    12.5    12.5    13.7    13.5    13.0
 1969    13.3    12.8    13.2    11.4    12.0    12.0    13.8    13.3    13.7    13.2    14.3    13.7    12.2    13.0    13.7    12.6    13.1
 1970    12.3    11.8    12.3    12.8    11.9    12.1    12.0    12.3    12.6    13.2    13.0    12.7    12.3    12.1    12.9    11.6    12.4
 1971    11.3    10.9    11.1    12.6    11.2    11.5    11.9    11.3    12.1    12.4    12.8    13.2    11.6    11.6    12.4    12.2    11.9
 1972    11.4    12.0    12.0    11.4    10.5    12.0    12.5    11.2    13.0    12.7    13.7    12.5    11.3    11.9    13.1    13.0    12.1
 1973    13.3    13.2    12.6    12.3    12.2    10.5    11.9    12.5    10.4    12.4    13.1    12.3    12.4    11.6    12.0    11.9    12.2
 1974    11.7    11.6    12.4    12.5    11.9    10.8    12.1    11.7    11.7    12.1    12.2    12.7    12.3    11.5    12.0    11.8    12.0
 1975    11.8    10.9    11.8    12.1    11.6    12.2    10.9    11.4    11.7    12.1    11.8    10.9    11.9    11.5    11.9    11.0    11.6
 1976    11.5    10.6    10.5    11.0    11.4    11.7    12.7    14.4    14.6    12.3    13.1    12.5    11.0    12.9    13.3    12.6    12.2
 1977    12.9    12.4    12.6    11.7    11.5    11.6    12.0    12.6    12.5    12.2    12.8    12.7    11.9    12.0    12.5    12.7    12.3
 1978    12.6    12.6    11.3    10.9    11.8    11.6    12.0    14.5    13.8    12.8    13.1    12.2    11.4    12.7    13.2    12.3    12.4
 1979    11.7    13.0    11.4    12.2    12.0    12.0    13.1    12.9    12.5    13.3    12.8    13.2    11.9    12.7    12.9    12.3    12.5
 1980    12.3    11.4    12.2    12.1    12.3    11.9    12.4    13.5    13.4    12.4    13.3    12.7    12.2    12.6    13.0    12.2    12.5
 1981    12.3    11.6    11.5    10.9    11.2    11.0    12.1    12.4    13.7    12.7    12.6    12.5    11.2    11.8    13.0    11.3    12.0
 1982    11.0    10.5    11.0    10.8    11.1    12.5    11.9    14.1    12.9    12.6    13.5    12.6    11.0    12.8    13.0    12.4    12.0
 1983    12.3    12.2    11.7    11.1    12.2    12.7    12.6    13.6    14.3    13.1    13.7    12.0    11.7    13.0    13.7    11.8    12.6
 1984    12.4    10.8    11.6    11.3    11.7    11.0    11.4    12.6    12.2    12.2    12.7    13.0    11.5    11.7    12.4    12.5    11.9
 1985    11.0    13.5    11.7    12.5    12.3    12.5    12.5    12.1    12.6    12.6    12.7    12.4    12.2    12.4    12.6    11.5    12.4
 1986    11.4    10.7    10.9    11.3    12.0    11.4    12.8    13.2    13.7    11.6    12.8    12.9    11.4    12.5    12.7    13.0    12.1
 1987    13.1    12.9    12.2    12.4    12.2    12.8    11.9    12.7    14.1    12.4    14.0    13.9    12.3    12.5    13.5    12.6    12.9
 1988    12.5    11.3    12.2    10.4    11.6    12.0    11.3    13.3    11.8    12.1    12.2    11.1    11.4    12.2    12.0    11.4    11.8
 1989    11.4    11.6    11.4    11.9    11.0    10.6    11.1    12.3    12.1    12.1    12.7    12.7    11.4    11.3    12.3    11.7    11.7
 1990    11.8    10.6    11.0    10.5    11.5    11.6    11.8    12.9    13.6    12.2    13.1    12.7    11.0    12.1    13.0    12.6    11.9
 1991    12.7    12.4    11.1    12.0    11.4    10.8    10.5    12.0    12.9    14.6    13.0    12.5    11.5    11.1    13.5    12.2    12.2
 1992    12.5    11.7    12.5    11.7    11.7    12.5    10.2    10.7    12.6    13.5    13.1    11.3    12.0    11.1    13.1    11.2    12.0
 1993    11.0    11.4    12.0    11.8    11.9    11.9    12.3    13.0    13.2    12.9    13.2    12.9    11.9    12.4    13.1    12.4    12.3
 1994    12.3    12.0    12.0    11.8    11.9    11.9    12.3    13.0    13.2    12.9    13.2    12.9    11.9    12.4    13.1    12.4    12.4
 1995    12.3    12.0    12.0    11.8    11.9    11.9    12.3    13.0    13.2    12.9    13.2    12.9    11.9    12.4    13.1    12.0    12.4
 1996    12.3    10.9    10.6    10.5    11.9    11.9     9.7    12.0    13.2    10.0    13.2    12.1    11.0    11.2    12.1    11.2    11.5
 1997    10.8    10.7     8.9    10.8    10.8    10.7    12.3    13.0    11.7     9.6    11.8    12.9    10.1    12.0    11.0    11.4    11.2
 1998     9.2    12.0     7.5    11.0    11.1    10.6    12.3    11.7    13.2    11.8    13.2    12.9     9.9    11.5    12.7    12.0    11.4
 1999    12.3    10.8    12.0    11.8    11.9    11.9    12.3    13.0    13.2    12.9    13.2    12.9    11.9    12.4    13.1    12.4    12.3
 2000    12.3    12.0    12.0    11.8    11.9    11.9    12.3    13.0    13.2    12.9    13.2    12.9    11.9    12.4    13.1    12.4    12.4
 2001    12.3    12.0    12.0    11.8    11.9    11.9    12.3    13.0    13.2    12.9    13.2    12.9    11.9    12.4    13.1    12.4    12.4
 2002    12.3    12.0    12.0    11.8    11.9    11.9    12.3    12.1    13.2    10.6    10.5    10.3    11.9    12.1    11.4    11.5    11.7
 2003    12.3    12.0    10.3    10.8    11.9    11.9    12.3    13.0    11.9    10.7    13.2    12.9    11.0    12.4    11.9    10.1    11.9
 2004     8.5     9.0     7.9    10.2    11.9    10.6    12.3    12.0    13.2    12.9    13.2    12.9    10.0    11.6    13.1    11.4    11.2
 2005    12.3     8.9     7.8    10.1    11.9    10.6    12.3    13.0    13.2    10.1    13.2    12.9    10.0    12.0    12.2    12.4    11.4
 2006    12.3    12.0     8.8    10.0    10.5    10.8     9.2    12.3    13.2    10.5    13.2    12.9     9.8    10.8    12.3    12.4    11.3
 2007    12.3    12.0     9.4    10.8    10.5    10.7    12.3    13.0    13.2    11.0    13.1    12.9    10.2    12.0    12.4    11.9    11.8
 2008    11.3    11.6    11.1    11.8    11.4    11.1    11.7    13.0    12.8    12.4    12.1    11.2    11.5    11.9    12.4    11.5    11.8
 2009    11.2    12.0    10.3    11.6    11.8    11.5    12.3    13.1    13.3    13.6    13.3    13.4    11.3    12.3    13.4    13.3    12.3
 2010    13.5    13.0    12.0    11.0    11.5    11.4    12.0    12.8    13.2    12.6    12.0    12.0    11.5    12.1    12.6    11.8    12.2
 2011    12.2    11.1    11.1    11.8    11.7    11.3    12.3    13.1    13.1    12.7    11.7    12.0    11.5    12.2    12.5    11.5    12.0
 2012    11.3    11.2    11.3    11.4    11.2    11.6    11.4    12.9    12.9    12.6    12.7    11.9    11.3    12.0    12.7    11.2    11.9
 2013    12.0     9.8    11.1    11.6    10.7    11.3    11.6    13.0    13.1    13.0    11.9    11.9    11.1    11.9    12.7    11.5    11.7
 2014    11.7    10.8    11.0    12.1    11.5    11.2    11.5    13.3    13.5    12.4    12.5    12.4    11.5    12.0    12.8    11.5    12.0
 2015    11.8    10.3    10.8    11.8    11.5    10.6    10.6    13.0    13.2    13.2    12.2    13.3    11.4    11.4    12.9    11.8    11.9
 2016    11.9    10.1    11.0    11.2    11.3    10.5    11.5    12.9    13.0    12.7    11.1    11.9    11.1    11.6    12.2  -999.0    11.6
