Climatic Research Unit Country File created on Tue 19 Sep 2017 17:57:34 BST, from CRU TS run #1709081022
Country = Uruguay              : parameter = Diurnal Temperature Range      : Units = degrees Celsius     
Period = 1901.2016 : missing value = -999.0 : format = (i5,17f8.1)
 YEAR     JAN     FEB     MAR     APR     MAY     JUN     JUL     AUG     SEP     OCT     NOV     DEC     MAM     JJA     SON     DJF     ANN
 1901    11.9    10.9    11.2    10.6     9.9     9.6     9.2     9.9    10.3    10.9    11.2    11.9    10.6     9.6    10.8    11.6    10.6
 1902    11.9    10.9    11.2    10.6     9.9     9.6     9.2     9.9    10.3    10.9    11.2    11.9    10.6     9.6    10.8    11.6    10.6
 1903    11.9    10.9    11.2    10.6     9.9     9.6     9.2     9.9    10.3    10.9    11.2    11.9    10.6     9.6    10.8    11.6    10.6
 1904    11.9    10.9    11.2    10.6     9.9     9.6     9.2     9.9    10.3    10.9    11.2    11.9    10.6     9.6    10.8    11.6    10.6
 1905    11.9    10.9    11.2    10.6     9.9     9.6     9.2     9.9    10.3    10.9    11.2    11.9    10.6     9.6    10.8    11.6    10.6
 1906    11.9    10.9    11.2    10.6     9.9     9.6     9.2     9.9    10.3    10.9    11.2    11.9    10.6     9.6    10.8    11.6    10.6
 1907    11.9    10.9    11.2    10.6     9.9     9.6     9.2     9.9    10.3    10.9    11.2    11.9    10.6     9.6    10.8    11.6    10.6
 1908    11.9    10.9    11.2    10.6     9.9     9.6     9.2     9.9    10.3    10.9    11.2    11.9    10.6     9.6    10.8    11.6    10.6
 1909    11.9    10.9    11.2    10.6     9.9     9.6     9.2     9.9    10.3    10.9    11.2    11.9    10.6     9.6    10.8    11.6    10.6
 1910    11.9    10.9    11.2    10.6     9.9     9.6     9.2     9.9    10.3    10.9    11.2    11.9    10.6     9.6    10.8    11.6    10.6
 1911    11.9    10.9    11.2    10.6     9.9     9.6     9.2     9.9    10.3    10.9    11.2    11.9    10.6     9.6    10.8    11.6    10.6
 1912    11.9    10.9    11.2    10.6     9.9     9.6     9.2     9.9    10.3    10.9    11.2    11.9    10.6     9.6    10.8    11.6    10.6
 1913    11.9    10.9    11.2    10.6     9.9     9.6     9.2     9.9    10.3    10.9    11.2    11.9    10.6     9.6    10.8    11.6    10.6
 1914    11.9    10.9    11.2    10.6     9.9     9.6     9.2     9.9    10.3    10.9    11.2    11.9    10.6     9.6    10.8    11.6    10.6
 1915    11.9    10.9    11.2    10.6     9.9     9.6     9.2     9.9    10.3    10.9    11.2    11.9    10.6     9.6    10.8    11.6    10.6
 1916    11.9    10.9    11.2    10.6     9.9     9.6     9.2     9.9    10.3    10.9    11.2    11.9    10.6     9.6    10.8    11.6    10.6
 1917    11.9    10.9    11.2    10.6     9.9     9.6     9.2     9.9    10.3    10.9    11.2    11.9    10.6     9.6    10.8    11.6    10.6
 1918    11.9    10.9    11.2    10.6     9.9     9.6     9.2     9.9    10.3    10.9    11.2    11.9    10.6     9.6    10.8    11.6    10.6
 1919    11.9    10.9    11.2    10.6     9.9     9.6     9.2     9.9    10.3    10.9    11.2    11.9    10.6     9.6    10.8    11.6    10.6
 1920    11.9    10.9    11.2    10.6     9.9     9.6     9.2     9.9    10.3    10.9    11.2    11.9    10.6     9.6    10.8    11.6    10.6
 1921    11.9    10.9    11.2    10.6     9.9     9.6     9.2     9.9    10.3    10.9    11.2    11.9    10.6     9.6    10.8    11.6    10.6
 1922    11.9    10.9    11.2    10.6     9.9     9.6     9.2     9.9    10.3    10.9    11.2    11.9    10.6     9.6    10.8    11.6    10.6
 1923    11.9    10.9    11.2    10.6     9.9     9.6     9.2     9.9    10.3    10.9    11.2    11.9    10.6     9.6    10.8    11.6    10.6
 1924    11.9    10.9    11.2    10.6     9.9     9.6     9.2     9.9    10.3    10.9    11.2    11.9    10.6     9.6    10.8    11.6    10.6
 1925    11.9    10.9    11.2    10.6     9.9     9.6     9.2     9.9    10.3    10.9    11.2    11.9    10.6     9.6    10.8    11.6    10.6
 1926    11.9    10.9    11.2    10.6     9.9     9.6     9.2     9.9    10.3    10.9    11.2    11.9    10.6     9.6    10.8    11.6    10.6
 1927    11.9    10.9    11.2    10.6     9.9     9.6     9.2     9.9    10.3    10.9    11.2    11.9    10.6     9.6    10.8    11.6    10.6
 1928    11.9    10.9    11.2    10.6     9.9     9.6     9.2     9.9    10.3    10.9    11.2    11.9    10.6     9.6    10.8    11.6    10.6
 1929    11.9    10.9    11.2    10.6     9.9     9.6     9.2     9.9    10.3    10.9    11.2    11.9    10.6     9.6    10.8    11.6    10.6
 1930    11.9    10.9    11.2    10.6     9.9     9.6     9.2     9.9    10.3    10.9    11.2    11.9    10.6     9.6    10.8    11.6    10.6
 1931    11.9    10.9    11.2    10.6     9.9     9.6     9.2     9.9    10.3    10.9    11.2    11.9    10.6     9.6    10.8    11.6    10.6
 1932    11.9    10.9    11.2    10.6     9.9     9.6     9.2     9.9    10.3    10.9    11.2    11.9    10.6     9.6    10.8    11.6    10.6
 1933    11.9    10.9    11.2    10.6     9.9     9.6     9.2     9.9    10.3    10.9    11.2    11.9    10.6     9.6    10.8    11.6    10.6
 1934    11.9    10.9    11.2    10.6     9.9     9.6     9.2     9.9    10.3    10.9    11.2    11.9    10.6     9.6    10.8    11.6    10.6
 1935    11.9    10.9    11.2    10.6     9.9     9.6     9.2     9.9    10.3    10.9    11.2    11.9    10.6     9.6    10.8    11.6    10.6
 1936    11.9    10.9    11.2    10.6     9.9     9.6     9.2     9.9    10.3    10.9    11.2    11.9    10.6     9.6    10.8    11.6    10.6
 1937    11.9    10.9    11.2    10.6     9.9     9.6     9.2     9.9    10.3    10.9    11.2    11.9    10.6     9.6    10.8    11.6    10.6
 1938    11.9    10.9    11.2    10.6     9.9     9.6     9.2     9.9    10.3    10.9    11.2    11.9    10.6     9.6    10.8    12.6    10.6
 1939    13.8    12.2    11.7    12.3    10.0     9.1     9.9    10.5     8.7     9.1    11.8    12.1    11.3     9.8     9.8    12.2    10.9
 1940    13.0    11.4    12.8    10.2     8.2     8.0     7.4     9.1     9.1     9.8    11.4    10.0    10.4     8.2    10.1    11.2    10.0
 1941    12.3    11.1    11.4     9.8     9.1    11.0     9.2     9.9    12.3    12.0    11.2    11.9    10.1    10.0    11.8    12.6    10.9
 1942    13.5    12.4    12.5    12.4     9.9    11.4    11.4    10.4    11.2    12.1    14.1    13.8    11.6    11.0    12.4    14.3    12.1
 1943    14.5    14.6    12.2    12.1    10.0     8.2     9.3    11.4    11.6    11.9    11.8    13.6    11.4     9.6    11.7    12.3    11.8
 1944    11.1    12.3    11.9    12.8     9.9    11.0    10.7    11.1    12.2    10.8    11.8    13.2    11.5    10.9    11.6    13.1    11.6
 1945    14.2    11.8    11.2    12.6    12.2     9.6    11.1    10.8     9.1    10.9    11.2    11.9    12.0    10.5    10.4    11.6    11.4
 1946    11.9    10.9    11.2    10.6     9.9     9.6     9.2     9.9    10.3    10.9    11.2    11.9    10.6     9.6    10.8    11.6    10.6
 1947    11.9    10.9    11.2    10.6     9.9     9.6     9.2     9.9    10.3    10.9    11.2    11.9    10.6     9.6    10.8    11.6    10.6
 1948    11.9    10.9    11.2    10.6     9.9     9.6     9.2     9.9    10.3    10.9    11.2    11.9    10.6     9.6    10.8    11.6    10.6
 1949    11.9    10.9    11.2    10.6     9.9     9.6     9.2     9.9    10.3    10.9    11.2    11.9    10.6     9.6    10.8    11.6    10.6
 1950    11.9    10.9    11.2    10.6     9.9     9.6     9.2     9.9    10.3    10.9    11.2    11.9    10.6     9.6    10.8    11.6    10.6
 1951    11.9    10.9    11.2    10.6     9.9     9.6     9.2     9.9    10.3    10.9    11.2    11.9    10.6     9.6    10.8    11.6    10.6
 1952    11.9    10.9    11.2    10.6     9.9     9.6     9.2     9.9    10.3    10.9    11.2    11.9    10.6     9.6    10.8    11.6    10.6
 1953    11.9    10.9    11.2    10.6     9.9     9.6     9.2     9.9    10.3    10.9    11.2    11.9    10.6     9.6    10.8    11.6    10.6
 1954    11.9    10.9    11.2    10.6     9.9     9.6     9.2     9.9    10.3    10.9    11.2    11.9    10.6     9.6    10.8    11.6    10.6
 1955    11.9    10.9    11.2    10.6     9.9     9.6     9.2     9.9    10.3    10.9    11.2    11.9    10.6     9.6    10.8    11.6    10.6
 1956    11.9    10.9    11.2    10.6     9.9     9.6     9.2     9.9    10.3    10.9    11.2    11.9    10.6     9.6    10.8    11.6    10.6
 1957    11.9    10.9    11.2    10.6     9.9     9.6     9.2     9.9    10.3    10.9    11.2    11.9    10.6     9.6    10.8    11.6    10.6
 1958    11.9    10.9    11.2    10.6     9.9     9.6     9.2     9.9    10.3    10.9    11.2    11.9    10.6     9.6    10.8    11.6    10.6
 1959    11.9    10.9    11.2    10.6     9.9     9.6     9.2     9.9    10.3    10.9    11.2    11.9    10.6     9.6    10.8    11.6    10.6
 1960    11.9    10.9    11.2    10.6     9.9     9.6     9.2     9.9    10.3    10.9    11.2    11.9    10.6     9.6    10.8    11.6    10.6
 1961    12.2    10.7    10.9    10.7    10.1     9.7     9.8     9.7    10.8     9.6    11.8    12.1    10.6     9.7    10.7    12.6    10.7
 1962    12.8    13.0    12.5    10.7    11.5    12.0     9.0    10.6    11.1    12.5    12.1    13.2    11.6    10.5    11.9    11.6    11.8
 1963    11.3    10.3    10.8    10.8     9.9     9.3     8.8     9.2     7.1     9.7     9.9    10.1    10.5     9.1     8.9    11.5     9.8
 1964    13.2    11.2    10.4     9.9    10.0    11.2    11.3    11.8    10.1    11.7    12.4    13.2    10.1    11.4    11.4    13.5    11.4
 1965    13.5    13.7    13.4    11.7    10.0     8.2     8.5     9.0    10.1    11.6    10.9    10.5    11.7     8.6    10.9    11.0    10.9
 1966    11.3    11.4    11.3     8.4    10.6     9.4     8.5    11.5    11.4    11.7    10.6    10.9    10.1     9.8    11.2    11.8    10.6
 1967    12.4    12.1    13.3    11.7     9.1     8.7     8.8     8.7     9.3     9.1    10.6    14.0    11.4     8.7     9.7    13.1    10.7
 1968    13.1    12.1    11.2    12.7    12.5     8.3     8.2     9.3    11.2     9.2    11.0    11.5    12.2     8.6    10.5    11.6    10.9
 1969    12.7    10.8    11.6    11.6     9.1     9.5     9.9    11.2    11.7    12.8    10.6    12.3    10.8    10.2    11.7    11.9    11.1
 1970    11.6    11.9    11.1    11.1    10.3     9.0    10.6    10.9    11.8    10.7    12.2    13.2    10.8    10.2    11.6    11.5    11.2
 1971    10.9    10.4    11.7    11.9    11.1    10.1    10.0    11.4     9.3    11.9    13.7    13.9    11.5    10.5    11.6    12.8    11.4
 1972    12.1    12.6    11.8    11.6     9.1     7.6     9.3     7.7     9.9    10.4    10.6    11.2    10.9     8.2    10.3    10.6    10.3
 1973    11.0     9.7    10.2     9.1     9.5     8.3     6.8    11.7    11.7    11.0    13.1    11.4     9.6     8.9    11.9    10.5    10.3
 1974    10.9     9.1    11.1    13.0     8.6    10.6     9.9    11.8    10.0    13.0    13.5    12.4    10.9    10.8    12.2    12.3    11.2
 1975    12.6    12.1    10.4    10.6     8.6     9.7     9.2     8.8     9.8    12.2    12.0    14.4     9.9     9.2    11.3    11.9    10.9
 1976    10.7    10.8    10.9    11.5     9.4    10.5    10.7     9.1    11.1    10.7    11.0    11.5    10.6    10.1    10.9    10.1    10.7
 1977     9.7     8.9    10.4    11.6    10.2     9.4     8.4    10.0    10.4    10.6    11.6    10.3    10.7     9.3    10.8    10.6    10.1
 1978    11.4    10.1    10.4    12.3    10.8    10.0     7.6     9.0     9.9     8.9    10.6    11.4    11.2     8.8     9.8    11.9    10.2
 1979    12.5    11.7    11.6    10.2    11.3    13.0    10.0     8.9    10.8    10.6    10.3    10.7    11.0    10.6    10.6    12.0    11.0
 1980    13.6    11.8    10.2     8.8     7.9     8.2    10.9    10.5    12.7     9.4    10.0    11.3     9.0     9.8    10.7    10.5    10.4
 1981    10.9     9.3    11.9     9.6     8.8     9.6     9.4    10.9    10.2    12.4    11.1    12.7    10.1    10.0    11.2    12.1    10.6
 1982    13.1    10.4    12.0    10.0    10.5     7.4     8.6     9.5     8.8    11.8    10.5    12.4    10.8     8.5    10.4    11.1    10.4
 1983    10.6    10.2    11.2    10.8     7.7    10.0     9.1     9.1    11.2    10.9    10.1    11.8     9.9     9.4    10.7    10.4    10.2
 1984    10.2     9.2     9.8     9.5     9.4     7.7     8.3    10.0     8.7    10.7    10.1    12.4     9.6     8.7     9.8    11.9     9.7
 1985    12.0    11.2    12.1    10.1    10.6     8.8     8.3     8.9     9.0     9.8    10.7    11.7    10.9     8.7     9.8    11.9    10.3
 1986    12.5    11.4    11.7     8.6     8.9     8.4     9.5     8.3     9.6    10.5    10.0    11.7     9.7     8.7    10.0    11.7    10.1
 1987    12.1    11.3    11.4     9.7     9.8    12.0     8.4     8.4    10.9    10.7    10.4    11.2    10.3     9.6    10.7    11.1    10.5
 1988    11.7    10.3    11.2    11.3    10.8    10.6    10.4    10.3    10.3    12.3    12.6    12.9    11.1    10.4    11.7    12.7    11.2
 1989    12.7    12.6    11.4    10.9    11.1    10.0    10.3     9.9    10.6    11.3    11.3    10.6    11.1    10.1    11.1    10.2    11.1
 1990    12.1     7.9     9.6     8.9     9.5    10.6     9.5    11.5    10.1    10.3    10.4    10.6     9.4    10.5    10.2    10.8    10.1
 1991    10.5    11.4    11.1    10.3     9.0     8.6     9.1     8.9     9.2    10.3    10.5    10.3    10.2     8.9    10.0    10.5     9.9
 1992    10.7    10.3    10.1     9.9     8.9     7.8     8.2    10.2     9.5    11.4    10.5    10.6     9.6     8.7    10.4    10.5     9.8
 1993    10.9    10.2    10.8    10.0     8.9     8.9     8.8    11.6    10.2     9.9    10.3    11.1     9.9     9.8    10.1    10.9    10.1
 1994    11.6    10.2    11.0    10.4     8.2     8.3     9.0     9.2     9.8     9.2    10.9    11.3     9.9     8.8    10.0    11.2     9.9
 1995    11.0    11.2    11.6    11.2     9.8    10.1     9.6    10.6    10.3    11.3    10.7    13.0    10.9    10.1    10.8    11.7    10.9
 1996    11.6    10.7    11.2     9.2    10.3    10.8    11.2    11.8    10.6    10.0    11.5    11.1    10.2    11.3    10.7    10.8    10.8
 1997    11.1    10.1    11.7    11.9    10.0     8.1     9.1     9.6     9.8     9.0     9.0    10.0    11.2     9.0     9.3     9.4    10.0
 1998     9.6     8.5    10.0     7.5     8.4     8.8     8.0     9.1    10.5    11.6    11.3    12.4     8.6     8.6    11.1    11.6     9.6
 1999    11.6    10.8    10.2     9.4    10.0     8.9     8.7    10.8     9.9    10.3    12.1    13.1     9.8     9.5    10.8    11.9    10.5
 2000    12.0    10.8    10.8     9.0     7.7     7.8     9.5     9.6     9.6     9.1    10.5    12.2     9.1     9.0     9.8    10.8     9.9
 2001    10.3    10.0     9.5    10.3     8.3     8.6     9.3     9.3     8.5     7.9    10.9    11.1     9.4     9.1     9.1    11.1     9.5
 2002    11.4    10.7     9.1     9.0     8.8     9.5     8.5     9.8     9.8     9.2     9.8     9.7     9.0     9.3     9.6    10.7     9.6
 2003    11.7    10.7    10.0    10.0     8.9     8.4    10.1     9.8    10.4    11.8    11.2    11.1     9.6     9.4    11.1    11.5    10.3
 2004    12.0    11.3    12.4    10.2     8.6     8.8     9.3     9.3    10.8    11.9     9.8    11.0    10.4     9.1    10.8    11.1    10.5
 2005    12.7     9.4    10.8    10.8     9.2     7.3     9.0     9.3     9.7    11.2    12.1    12.0    10.2     8.6    11.0    11.5    10.3
 2006    11.6    10.9    11.5    11.1    10.7     8.8     8.8    10.4    12.0    11.4    10.9    11.2    11.1     9.3    11.4    10.8    10.8
 2007    10.2    10.9     9.0     9.2     9.4    10.6    10.7     9.3     9.0     9.3    12.4    12.7     9.2    10.2    10.2    11.4    10.2
 2008    11.3    10.2    10.9    13.3    11.0    10.0     8.0    11.1    10.2    10.8    12.2    12.1    11.7     9.7    11.1    11.9    10.9
 2009    12.7    11.0    11.1    12.5    10.5    11.0    11.1    11.5     9.0    11.8     9.3     9.7    11.4    11.2    10.0     9.6    10.9
 2010    10.4     8.6    10.8    11.0     8.7     9.1     9.5     9.8     9.3    11.4    12.1    12.7    10.2     9.4    10.9    11.2    10.3
 2011    11.3     9.7    11.8    11.4     9.1     8.8    10.0     8.8    12.1     9.8    11.3    12.1    10.8     9.2    11.1    11.8    10.5
 2012    12.6    10.6    11.3    10.7     9.3    10.0    11.3     8.7     9.6     8.6    11.2    11.2    10.4    10.0     9.8    11.0    10.4
 2013    11.1    10.6    11.2    11.4     8.6    10.8     9.6    12.1    10.1    11.4    10.0    12.7    10.4    10.8    10.5    10.9    10.8
 2014    11.7     8.2    10.6     9.3     7.5     9.0     8.4    11.3     8.6     9.7    10.7    10.5     9.1     9.6     9.7    10.2     9.6
 2015    10.3    10.0    11.4    12.9     9.3    10.3     9.8     7.6    10.0     8.6     9.7    10.0    11.2     9.2     9.4    10.3    10.0
 2016    10.8    10.1    10.5     6.6     7.1    10.1     7.6    11.2    10.5     9.4    11.9    11.7     8.1     9.6    10.6  -999.0     9.8
