Climatic Research Unit Country File created on Tue 19 Sep 2017 17:57:34 BST, from CRU TS run #1709081022
Country = Honduras             : parameter = Diurnal Temperature Range      : Units = degrees Celsius     
Period = 1901.2016 : missing value = -999.0 : format = (i5,17f8.1)
 YEAR     JAN     FEB     MAR     APR     MAY     JUN     JUL     AUG     SEP     OCT     NOV     DEC     MAM     JJA     SON     DJF     ANN
 1901     8.8    10.0    10.9    10.7     9.9     8.6     8.4     8.8     8.8     8.5     8.3     8.4    10.5     8.6     8.5     9.1     9.2
 1902     8.8    10.0    10.9    10.7     9.9     8.6     8.4     8.8     8.8     8.5     8.3     8.4    10.5     8.6     8.5     9.1     9.2
 1903     8.8    10.0    10.9    10.7     9.9     8.6     8.4     8.8     8.8     8.5     8.3     8.4    10.5     8.6     8.5     9.1     9.2
 1904     8.8    10.0    10.9    10.7     9.9     8.6     8.4     8.8     8.8     8.5     8.3     8.4    10.5     8.6     8.5     9.1     9.2
 1905     8.8    10.0    10.9    10.7     9.9     8.6     8.4     8.8     8.8     8.5     8.3     8.4    10.5     8.6     8.5     9.1     9.2
 1906     8.8    10.0    10.9    10.7     9.9     8.6     8.4     8.8     8.8     8.5     8.3     8.4    10.5     8.6     8.5     9.1     9.2
 1907     8.8    10.0    10.9    10.7     9.9     8.6     8.4     8.8     8.8     8.5     8.3     8.4    10.5     8.6     8.5     9.1     9.2
 1908     8.8    10.0    10.9    10.7     9.9     8.6     8.4     8.8     8.8     8.5     8.3     8.4    10.5     8.6     8.5     9.1     9.2
 1909     8.8    10.0    10.9    10.7     9.9     8.6     8.4     8.8     8.8     8.5     8.3     8.4    10.5     8.6     8.5     9.1     9.2
 1910     8.8    10.0    10.9    10.7     9.9     8.6     8.4     8.8     8.8     8.5     8.3     8.4    10.5     8.6     8.5     9.1     9.2
 1911     8.8    10.0    10.9    10.7     9.9     8.6     8.4     8.8     8.8     8.5     8.3     8.4    10.5     8.6     8.5     9.1     9.2
 1912     8.8    10.0    10.9    10.7     9.9     8.6     8.4     8.8     8.8     8.5     8.3     8.4    10.5     8.6     8.5     9.1     9.2
 1913     8.8    10.0    10.9    10.7     9.9     8.6     8.4     8.8     8.8     8.5     8.3     8.4    10.5     8.6     8.5     9.1     9.2
 1914     8.8    10.0    10.9    10.7     9.9     8.6     8.4     8.8     8.8     8.5     8.3     8.4    10.5     8.6     8.5     9.1     9.2
 1915     8.8    10.0    10.9    10.7     9.9     8.6     8.4     8.8     8.8     8.5     8.3     8.4    10.5     8.6     8.5     9.1     9.2
 1916     8.8    10.0    10.9    10.7     9.9     8.6     8.4     8.8     8.8     8.5     8.3     8.4    10.5     8.6     8.5     9.1     9.2
 1917     8.8    10.0    10.9    10.7     9.9     8.6     8.4     8.8     8.8     8.5     8.3     8.4    10.5     8.6     8.5     9.1     9.2
 1918     8.8    10.0    10.9    10.7     9.9     8.6     8.4     8.8     8.8     8.5     8.3     8.4    10.5     8.6     8.5     9.1     9.2
 1919     8.8    10.0    10.9    10.7     9.9     8.6     8.4     8.8     8.8     8.5     8.3     8.4    10.5     8.6     8.5     9.1     9.2
 1920     8.8    10.0    10.9    10.7     9.9     8.6     8.4     8.8     8.8     8.5     8.3     8.4    10.5     8.6     8.5     9.1     9.2
 1921     8.8    10.0    10.9    10.7     9.9     8.6     8.4     8.8     8.8     8.5     8.3     8.4    10.5     8.6     8.5     9.1     9.2
 1922     8.8    10.0    10.9    10.7     9.9     8.6     8.4     8.8     8.8     8.5     8.3     8.4    10.5     8.6     8.5     9.1     9.2
 1923     8.8    10.0    10.9    10.7     9.9     8.6     8.4     8.8     8.8     8.5     8.3     8.4    10.5     8.6     8.5     9.1     9.2
 1924     8.8    10.0    10.9    10.7     9.9     8.6     8.4     8.8     8.8     8.5     8.3     8.4    10.5     8.6     8.5     9.1     9.2
 1925     8.8    10.0    10.9    10.7     9.9     8.6     8.4     8.8     8.8     8.5     8.3     8.4    10.5     8.6     8.5     9.1     9.2
 1926     8.8    10.0    10.9    10.7     9.9     8.6     8.4     8.8     8.8     8.5     8.3     8.4    10.5     8.6     8.5     9.1     9.2
 1927     8.8    10.0    10.9    10.7     9.9     8.6     8.4     8.8     8.8     8.5     8.3     8.4    10.5     8.6     8.5     9.1     9.2
 1928     8.8    10.0    10.9    10.7     9.9     8.6     8.4     8.8     8.8     8.5     8.3     8.4    10.5     8.6     8.5     9.1     9.2
 1929     8.8    10.0    10.9    10.7     9.9     8.6     8.4     8.8     8.8     8.5     8.3     8.4    10.5     8.6     8.5     9.1     9.2
 1930     8.8    10.0    10.9    10.7     9.9     8.6     8.4     8.8     8.8     8.5     8.3     8.4    10.5     8.6     8.5     9.1     9.2
 1931     8.8    10.0    10.9    10.7     9.9     8.6     8.4     8.8     8.8     8.5     8.3     8.4    10.5     8.6     8.5     9.1     9.2
 1932     8.8    10.0    10.9    10.7     9.9     8.6     8.4     8.8     8.8     8.5     8.3     8.4    10.5     8.6     8.5     9.1     9.2
 1933     8.8    10.0    10.9    10.7     9.9     8.6     8.4     8.8     8.8     8.5     8.3     8.4    10.5     8.6     8.5     9.1     9.2
 1934     8.8    10.0    10.9    10.7     9.9     8.6     8.4     8.8     8.8     8.5     8.3     8.4    10.5     8.6     8.5     9.1     9.2
 1935     8.8    10.0    10.9    10.7     9.9     8.6     8.4     8.8     8.8     8.5     8.3     8.4    10.5     8.6     8.5     9.1     9.2
 1936     8.8    10.0    10.9    10.7     9.9     8.6     8.4     8.8     8.8     8.5     8.3     8.4    10.5     8.6     8.5     9.1     9.2
 1937     8.8    10.0    10.9    10.7     9.8     8.6     8.3     8.7     8.8     8.5     8.3     8.3    10.5     8.6     8.5     9.1     9.2
 1938     8.8    10.0    10.9    10.7     9.9     8.5     8.3     9.0     8.8     8.6     8.5     8.3    10.5     8.6     8.6     9.0     9.2
 1939     8.7    10.1    10.8    10.7     9.9     8.6     8.4     8.8     8.8     8.5     8.4     8.4    10.5     8.6     8.6     9.1     9.2
 1940     8.9    10.0    10.9    10.7     9.9     8.6     8.4     8.8     8.8     8.5     8.3     8.4    10.5     8.6     8.5     9.1     9.2
 1941     8.8    10.1    11.0    10.8     9.9     8.7     8.4     8.8     8.7     8.4     8.3     8.5    10.6     8.6     8.4     9.2     9.2
 1942     9.0    10.2    11.1    11.0     9.9     8.7     8.5     8.9     8.8     8.5     8.4     8.5    10.7     8.7     8.6     9.2     9.3
 1943     8.9    10.2    11.0    10.9    10.1     8.7     8.6     8.9     8.8     8.4     8.1     8.3    10.7     8.7     8.4     9.6     9.2
 1944     8.7    11.7    10.9    12.2    11.8     8.0     7.8     7.9     8.8     8.9    12.4     8.9    11.6     7.9    10.0    11.4     9.8
 1945    13.1    12.2    13.1    12.7    12.0    10.9     9.8     9.6     8.8    10.1     8.3    12.8    12.6    10.1     9.1    12.6    11.1
 1946    11.0    13.9    12.2     9.4     9.6     7.1    10.4    11.0    10.1     9.2     8.2     8.4    10.4     9.5     9.2     8.0    10.0
 1947     6.7     8.7    12.7    11.5    10.2     9.9     8.5     9.0     8.9     8.4     7.8     8.3    11.4     9.1     8.4    10.5     9.2
 1948    10.4    12.8    11.2    11.3     8.3     8.0     8.7     9.6    10.0     9.0     8.4     8.8    10.3     8.8     9.1    10.1     9.7
 1949     9.9    11.5    11.9    11.5    11.2    11.3    11.1    10.7     9.7     8.2    10.8    10.1    11.5    11.0     9.6    10.7    10.7
 1950    10.3    11.6    10.5    11.0     9.9     7.6     7.3     8.8     9.1     8.2     9.8     9.3    10.5     7.9     9.0     9.9     9.4
 1951    10.4    10.0    11.2     9.9    10.7     9.3     7.6     9.0     8.2     8.4     8.4    10.0    10.6     8.6     8.3    10.7     9.4
 1952    10.2    11.9    11.3    10.9     9.7     8.3     7.5     9.1     8.5     7.5     8.4     9.0    10.6     8.3     8.2     9.8     9.4
 1953    10.1    10.2    11.8    10.9     8.3     8.1     7.9     9.0     8.4     8.6     8.5     7.4    10.3     8.3     8.5     9.5     9.1
 1954     8.8    12.4     9.7     9.3     7.9     7.2     8.3     9.1     8.7     8.1     9.6     9.9     9.0     8.2     8.8     9.5     9.1
 1955     9.3     9.4    11.4    11.5    11.1     9.8     7.2     9.3     8.1     7.6     8.1     8.1    11.4     8.8     7.9     9.5     9.2
 1956    10.4     9.9    11.6    11.6     9.7     7.6     8.9     9.2     8.9     8.8     9.5     8.9    11.0     8.6     9.1     9.5     9.6
 1957     9.5    10.1    11.4     9.7     9.0     8.2     8.1     9.1     8.6     8.6     8.8     7.9    10.1     8.5     8.7     8.9     9.1
 1958     8.1    10.7     9.9    10.4     9.3     8.4     7.6     9.3     9.1     9.1     7.8     7.4     9.9     8.4     8.7     8.3     8.9
 1959     7.8     9.8     9.8    10.3     9.2     8.5     9.0     9.1    10.4     8.5     7.9     8.7     9.8     8.9     8.9     9.6     9.1
 1960     8.9    11.2    12.0    10.2     9.8     8.8     8.2     8.3     8.6     8.0     7.8     7.8    10.7     8.4     8.1     8.1     9.1
 1961     7.9     8.6    10.5     9.5     9.8     9.4     8.5     9.3     9.2     9.5     8.3     8.5     9.9     9.0     9.0     9.8     9.1
 1962     9.3    11.6    11.5     9.3     9.8     8.7     8.4     9.6     9.6     8.7     8.4     9.3    10.2     8.9     8.9    10.2     9.5
 1963     9.9    11.5    10.5    11.8    10.9    10.0     8.9     9.0     8.4     9.1     7.9     8.9    11.1     9.3     8.4     9.1     9.7
 1964     8.1    10.1    11.1    10.9    10.1     8.1     8.1     9.4     9.4     8.8     7.6     7.4    10.7     8.5     8.6     8.5     9.1
 1965     8.4     9.7    11.0    12.8    10.4     9.0     8.8     8.7     8.8     8.2     8.4     8.3    11.4     8.8     8.5     8.5     9.4
 1966     8.3     9.0     9.9     9.9     8.7     8.3     8.0     8.6     8.8     7.8     8.2     8.9     9.5     8.3     8.3     9.0     8.7
 1967     8.5     9.4    11.6    10.2    10.4     8.9     8.8     9.2     9.2     8.0     8.2     9.1    10.7     9.0     8.5     9.3     9.3
 1968     8.1    10.8    11.7    11.8     9.6     8.3     8.3     8.9     9.3     8.2     9.3     8.3    11.1     8.5     9.0     9.1     9.4
 1969     8.8    10.4     9.3    10.3     9.1     9.0     7.8     7.7     7.7     8.2     7.9     9.4     9.6     8.2     7.9     9.3     8.8
 1970     8.9     9.7    11.4    10.6     9.7     8.8     7.7     8.1     8.4     8.7     8.4     9.6    10.5     8.2     8.5    10.3     9.2
 1971     9.9    11.5    11.9    12.4    10.6     9.6     8.9     9.0     9.0     8.8     8.3     8.5    11.6     9.2     8.7     9.5     9.9
 1972     8.9    10.9    12.6    11.3    10.9     8.1     7.8     8.5     9.5     9.3     8.4     8.7    11.6     8.2     9.1     9.8     9.6
 1973     9.7    11.1    10.9     9.8     9.0     8.9     8.8     8.1     9.2     7.8     8.3     9.9     9.9     8.6     8.4     9.7     9.3
 1974     8.4    10.8    10.4    10.3    10.1     8.2     8.7     9.4     8.7     8.2     9.0     9.0    10.2     8.8     8.6     9.6     9.3
 1975     8.8    11.0    10.5    12.4    11.4     9.7     9.7     9.1     8.9     8.0     7.8     8.3    11.5     9.5     8.2     8.7     9.6
 1976     7.9    10.0    11.2    11.3     9.7     7.9     8.4     9.6     9.8     9.0     6.7     6.7    10.7     8.6     8.5     8.2     9.0
 1977     9.4     8.5    10.9     9.0     9.8     8.1     9.2     9.1     9.6     8.8     8.8     7.9     9.9     8.8     9.1     9.0     9.1
 1978     8.8    10.2    10.5    10.9    10.3     8.6     8.1     8.9     8.7     8.4     8.2     8.6    10.6     8.5     8.4     9.2     9.2
 1979     9.0    10.0    10.1    10.3     9.6     8.4     8.5     8.0     8.0     7.9     7.7     7.3    10.0     8.3     7.9     8.7     8.7
 1980     9.2     9.6    10.9     9.2    10.5     8.4     8.9     9.0     8.4     8.0     7.3     7.7    10.2     8.8     7.9     8.8     8.9
 1981     9.6     9.2    10.6    10.0    10.7     8.1     8.2     8.4     9.1     8.6     9.5     9.3    10.5     8.3     9.1     9.9     9.3
 1982    10.0    10.3    10.8    11.4     9.3     7.8     8.2     9.0     8.3     8.3     8.2     8.7    10.5     8.4     8.2     8.9     9.2
 1983     8.6     9.2    12.0    10.3    10.9     8.6     7.5     8.7     8.5     8.1     8.6     8.5    11.1     8.2     8.4     8.4     9.1
 1984     8.2     8.5    11.1    12.3     7.8     7.7     7.6     8.0     7.8     8.9     9.4     8.2    10.4     7.8     8.7     9.1     8.8
 1985     9.4     9.8    10.3    10.3    10.1     9.1     8.6     9.2     9.2     8.5     8.5     6.8    10.2     9.0     8.8     8.6     9.2
 1986     8.1    10.7    11.8    12.3     9.3     8.9     8.3     8.9     8.7     9.0     8.1     9.1    11.1     8.7     8.6    10.3     9.4
 1987    10.6    11.0    10.9    10.2    11.0     8.4     7.7     8.6     9.6     9.0     9.6     8.6    10.7     8.2     9.4     8.3     9.6
 1988     7.2     9.1     9.9    10.7    11.0     8.3     8.0     7.9     8.1     8.1     8.9     8.3    10.5     8.1     8.4     9.0     8.8
 1989     8.4    10.2    11.9    10.2     8.6     8.5     8.7     8.9     7.7     8.3     7.6     8.1    10.2     8.7     7.9     8.5     8.9
 1990     7.9     9.6     9.2     9.4     8.8     8.5     8.2     8.5     8.9     9.1     6.6     7.5     9.1     8.4     8.2     8.8     8.5
 1991     8.8    10.0    12.6    11.1     9.5     8.8     8.5     9.3     8.8     8.5     7.6     6.5    11.1     8.9     8.3     7.9     9.2
 1992     7.5     9.6    10.0     9.3     9.2     8.6     7.9     8.6     8.7     8.2     7.5     7.8     9.5     8.4     8.2     9.0     8.6
 1993     8.6    10.6    11.4    10.1     9.4     7.5     7.8     7.8     8.5     8.2     8.0     8.7    10.3     7.7     8.2     8.3     8.9
 1994     7.8     8.4    10.2    10.1     9.2     8.5     9.1     8.6     8.6     8.7     8.5     7.6     9.8     8.7     8.6     9.4     8.8
 1995     9.3    11.3    11.8     9.5    10.1     8.5     7.3     7.0     8.1     7.3     8.6     7.7    10.5     7.6     8.0     9.1     8.9
 1996     8.9    10.8    11.1     9.7     8.3     7.7     7.6     7.7     9.1     8.0     7.8     7.9     9.7     7.7     8.3     8.5     8.7
 1997     8.7     8.9    10.2     9.5     9.4     8.2     8.3     9.3     8.4     7.8     6.5     6.9     9.7     8.6     7.5     8.4     8.5
 1998     7.9    10.4    10.6    10.4    10.2     9.1     7.9     8.6     8.3     7.5     7.2     7.6    10.4     8.5     7.7     9.7     8.8
 1999     8.9    12.6    12.5    11.3    10.0     8.0     7.7     9.0     8.3     7.5     7.7     8.5    11.3     8.2     7.8    10.3     9.3
 2000    10.3    12.2    11.2    12.0    10.0     7.3     9.8     8.7     8.1     7.6     9.1     9.0    11.1     8.6     8.3     9.7     9.6
 2001    10.4     9.8    12.1    10.2     8.7     8.3     9.3     8.9     8.8     8.5     9.6     8.9    10.4     8.8     9.0     9.8     9.5
 2002    10.3    10.0    10.4    12.9    10.2     8.3     9.3     8.5     8.3     9.4     9.1     8.3    11.2     8.7     8.9     9.6     9.6
 2003    10.3    10.0    11.0    12.0    10.1     8.7     8.6     9.8     9.9     9.1     7.5    10.1    11.0     9.1     8.8     9.4     9.8
 2004     8.6     9.6    10.9    10.4     9.7     9.2     9.9    10.9    10.6     8.2     9.7    10.2    10.3    10.0     9.5    11.3     9.8
 2005    11.2    12.5    10.5    11.4    10.5     8.2     8.3     9.6    10.3     8.5     8.8     8.0    10.8     8.7     9.2     8.9     9.8
 2006     8.3    10.3    11.6    11.0     8.9     8.8     7.6     8.5    10.2     8.0     8.1     6.1    10.5     8.3     8.8     8.1     9.0
 2007     7.4    10.8    10.9    10.4     9.7     8.2     8.3     8.6     8.9     7.9     8.6     8.9    10.3     8.4     8.5     9.6     9.0
 2008     9.7    10.2    10.5    11.9    10.3     7.6     8.4     8.5     9.6     7.4    10.8     8.6    10.9     8.2     9.3     9.3     9.5
 2009     8.2    10.9    12.5     9.9     9.9     8.3     8.8     9.4     9.8     8.6     7.9     6.7    10.8     8.9     8.7     8.2     9.3
 2010     8.4     9.6    13.6     9.3     7.6     7.4     7.7     7.7     7.8     8.0     9.0    10.2    10.2     7.6     8.3    10.5     8.9
 2011     9.8    11.5    11.9    10.5    10.5     9.0     7.8     8.9     8.9     7.4     8.8     7.9    11.0     8.6     8.4     8.4     9.4
 2012     8.3     9.0    11.5    10.2     8.9     8.0     8.4     8.5    10.0     9.0    10.6    10.1    10.2     8.3     9.9     9.4     9.4
 2013     7.7    10.3    12.5    10.0     9.7     8.1     8.1     8.4     6.8     8.1     6.8     6.6    10.7     8.2     7.2     8.5     8.6
 2014     8.5    10.4    11.6    10.1     8.0    11.7     9.3    10.3     8.6     9.1     9.4     9.3     9.9    10.5     9.0    10.6     9.7
 2015    10.3    12.4    12.0    10.6    10.6     7.8     9.2    10.5     9.9     8.6     7.3     6.9    11.1     9.2     8.6     8.7     9.7
 2016     8.7    10.5    10.1    10.2    11.1     9.4     9.5     9.0     8.6    10.5    10.0     8.6    10.5     9.3     9.7  -999.0     9.7
