Climatic Research Unit Country File created on Tue 19 Sep 2017 17:57:34 BST, from CRU TS run #1709081022
Country = Turkey               : parameter = Diurnal Temperature Range      : Units = degrees Celsius     
Period = 1901.2016 : missing value = -999.0 : format = (i5,17f8.1)
 YEAR     JAN     FEB     MAR     APR     MAY     JUN     JUL     AUG     SEP     OCT     NOV     DEC     MAM     JJA     SON     DJF     ANN
 1901     9.3    10.1    12.7    14.2    13.4    15.6    14.9    14.7    15.5    13.5    10.7     9.0    13.4    15.1    13.3     9.4    12.8
 1902    10.3     8.7    11.8    13.9    14.3    13.7    16.6    16.8    15.7    11.7     9.5     7.0    13.3    15.7    12.3     7.7    12.5
 1903     7.7     8.3    10.3    11.1    12.0    13.2    14.4    14.7    14.5    12.2     9.4     7.2    11.1    14.1    12.0     8.1    11.3
 1904     8.0     9.1     9.2    11.1    11.9    13.6    14.6    14.3    13.6    11.5     9.7     7.7    10.7    14.2    11.6     8.1    11.2
 1905     8.6     8.0     9.1    11.5    12.1    13.3    14.1    13.9    14.3    12.2     9.9     6.9    10.9    13.8    12.2     8.0    11.2
 1906     8.7     8.3    10.8    11.3    12.4    13.9    14.3    14.7    14.0    12.0    10.0     7.2    11.5    14.3    12.0     8.0    11.4
 1907     8.2     8.6    10.0    11.2    12.6    13.6    14.4    14.4    14.5    11.3     9.2     7.0    11.3    14.1    11.7     8.3    11.3
 1908     7.4    10.5     9.9    12.7    12.7    13.8    14.1    14.2    15.7    12.6     8.5     6.7    11.7    14.0    12.3     7.6    11.6
 1909     7.6     8.4     9.3    10.8    12.6    13.1    14.2    14.5    14.4    13.0     9.3     6.9    10.9    13.9    12.2     8.5    11.2
 1910     8.9     9.8    10.5    12.8    12.6    12.8    14.1    14.4    16.0    12.4     9.7     7.1    12.0    13.8    12.7     8.5    11.8
 1911     9.5     8.8     9.6    11.4    12.3    14.3    14.8    14.4    16.1    14.2    10.8     7.3    11.1    14.5    13.7     8.3    12.0
 1912     8.7     8.9    11.7    13.8    12.7    13.9    15.4    15.2    15.8    12.2    10.3     8.2    12.7    14.8    12.8     8.7    12.2
 1913     7.5    10.4    13.0    12.1    13.2    13.6    14.2    15.6    16.1    13.4    10.4     8.5    12.8    14.5    13.3     8.5    12.3
 1914     8.0     8.9    10.5    11.1    12.7    13.3    14.2    14.5    14.0    11.7     9.4     7.2    11.5    14.0    11.7     8.1    11.3
 1915     8.0     9.0    10.1    10.7    12.4    13.1    14.3    14.5    14.2    11.8    10.1     7.6    11.1    14.0    12.0     8.1    11.3
 1916     8.0     8.6     9.8    11.3    12.1    13.7    14.4    14.5    14.4    12.4     9.5     7.0    11.1    14.2    12.1     8.3    11.3
 1917     8.3     9.5    11.3    12.2    12.1    13.3    14.5    14.7    14.1    12.1    10.5     7.6    11.8    14.2    12.2     7.9    11.7
 1918     7.7     8.4    10.2    10.4    12.1    13.6    14.7    14.8    14.8    12.3     9.3     7.1    10.9    14.4    12.1     7.4    11.3
 1919     7.0     8.0     9.7    10.7    12.0    13.0    13.8    14.6    14.4    12.1     9.8     7.8    10.8    13.8    12.1     8.0    11.1
 1920     8.1     8.1     9.6    10.8    12.1    13.4    14.3    15.0    14.0    12.0     9.4     7.1    10.8    14.2    11.8     7.8    11.2
 1921     7.7     8.7    10.2    10.3    12.7    13.6    13.9    14.9    14.0    12.9     9.7     7.2    11.1    14.1    12.2     7.8    11.3
 1922     7.9     8.3    11.0    11.6    13.1    13.8    13.9    14.6    14.6    12.7    10.1     7.1    11.9    14.1    12.4     7.5    11.5
 1923     7.0     8.4    10.1    10.9    12.6    13.8    14.0    14.5    14.3    13.0    10.7     7.7    11.2    14.1    12.6     8.0    11.4
 1924     8.0     8.3     9.5    11.3    12.5    13.9    14.6    15.2    14.5    11.9     9.5     7.3    11.1    14.6    11.9     8.4    11.4
 1925     8.5     9.3     9.9    10.9    12.9    13.7    14.3    15.0    14.6    12.5    10.5     6.6    11.2    14.3    12.5     6.9    11.6
 1926     6.6     7.4     8.4    12.2    12.6    13.3    13.7    13.9    13.7    13.6    10.2     6.6    11.1    13.6    12.5     7.2    11.0
 1927     7.5     7.6     9.3    10.7    12.3    13.3    13.3    14.9    13.7    11.9    11.2     7.9    10.8    13.9    12.2     8.3    11.1
 1928     8.4     8.6     9.6    13.4    14.0    14.8    14.9    15.9    14.6    12.3    10.3     7.5    12.3    15.2    12.4     7.9    12.0
 1929     7.2     8.8     8.9    11.4    12.7    13.2    13.8    14.5    13.7    12.0    10.5     8.1    11.0    13.8    12.1     8.4    11.2
 1930     8.6     8.7    11.4    11.2    12.0    12.9    14.6    14.4    14.4    12.8     9.3     7.6    11.5    14.0    12.2     8.0    11.5
 1931     8.2     8.2    10.7    11.0    12.5    12.8    14.2    15.1    15.6    15.0    10.1     8.4    11.4    14.0    13.6     8.7    11.8
 1932     8.5     9.3    10.6    12.3    13.3    14.6    15.0    14.8    15.5    15.5     9.5     8.8    12.1    14.8    13.5     9.0    12.3
 1933     9.1     9.0    10.0    11.3    12.9    13.4    14.0    14.9    14.0    13.9    11.2     8.0    11.4    14.1    13.0     8.4    11.8
 1934     8.4     8.9    11.7    12.5    12.2    14.3    15.1    15.6    14.9    13.1    10.8     7.9    12.1    15.0    12.9     8.3    12.1
 1935     8.3     8.8    10.5    11.8    14.4    14.7    15.0    15.4    15.5    13.3     8.3     8.3    12.2    15.0    12.4     8.8    12.0
 1936     9.5     8.7    10.8    11.8    11.4    13.0    13.8    14.4    14.6    12.7    10.4     8.7    11.3    13.7    12.6     8.8    11.6
 1937     8.3     9.6    12.9    11.6    12.0    14.1    14.5    14.7    15.7    11.9     9.7     9.1    12.1    14.4    12.4     8.5    12.0
 1938     7.8     8.5    11.3    10.4    12.7    13.9    14.4    15.0    13.0    14.3    10.2     7.1    11.5    14.4    12.5     8.5    11.5
 1939     9.0     9.4     9.6    12.5    13.7    13.4    14.0    13.7    14.4    12.9     8.9     7.9    11.9    13.7    12.1     7.9    11.6
 1940     7.7     8.0    11.0    11.3    11.3    13.3    14.3    14.0    15.1    12.0    10.7     7.0    11.2    13.9    12.6     8.3    11.3
 1941     8.4     9.4     9.6    12.1    13.9    14.1    14.1    14.9    13.9    13.1     8.5     8.9    11.9    14.4    11.8     8.3    11.7
 1942     8.1     8.0     9.3    11.3    12.8    14.5    14.4    14.1    14.1    10.5     8.4     8.5    11.1    14.3    11.0     8.2    11.2
 1943     7.4     8.8     8.9    11.4    12.2    13.6    14.9    15.2    15.0    11.2    10.1     8.6    10.8    14.6    12.1     8.4    11.4
 1944     7.9     8.7     9.8    12.1    12.1    14.2    14.5    14.5    14.8    12.4     9.5     7.6    11.3    14.4    12.2     7.8    11.5
 1945     7.7     8.2    10.3    11.6    13.9    13.7    14.8    15.7    15.1    12.9     9.8     8.0    11.9    14.7    12.6     8.5    11.8
 1946     8.8     8.7     8.6    11.9    11.3    13.0    14.6    14.8    14.9    12.0    11.4     7.4    10.6    14.1    12.8     7.8    11.4
 1947     6.9     9.2    12.3    13.5    13.1    14.1    14.1    14.9    14.0    12.6     8.4     8.5    13.0    14.4    11.7     8.4    11.8
 1948     8.9     7.8     9.4    11.0    11.5    13.1    15.2    15.1    14.0    13.4    12.1     7.5    10.6    14.5    13.2     8.3    11.6
 1949     8.9     8.4     8.9    10.3    13.5    14.3    14.1    14.8    13.0    13.5    12.1     7.9    10.9    14.4    12.8     9.0    11.6
 1950     9.1    10.0     9.3    12.6    11.2    13.6    14.8    15.3    15.3    12.2    10.6     8.9    11.0    14.6    12.7     8.8    11.9
 1951     8.2     9.3    10.7    11.7    12.5    13.5    15.0    14.5    14.0    10.0     9.2     7.6    11.6    14.3    11.1     8.0    11.4
 1952     7.8     8.7    10.1    11.9    11.9    13.1    14.5    15.6    15.7    13.9     9.7     8.0    11.3    14.4    13.1     8.0    11.7
 1953     7.5     8.5     8.8    11.0    12.6    13.4    14.8    14.4    14.7    11.7     8.3     7.9    10.8    14.2    11.6     7.8    11.1
 1954     7.8     7.7     8.7     9.7    12.9    13.2    14.7    14.9    14.0    13.2     9.9     7.2    10.5    14.2    12.4     8.4    11.2
 1955     7.9    10.0     9.8    10.1    13.0    13.6    14.3    13.8    13.4    12.8     9.4     8.1    11.0    13.9    11.9     8.1    11.4
 1956     8.3     7.8     8.5    12.4    12.0    13.3    14.6    15.2    14.1    14.3     9.9     7.8    11.0    14.4    12.8     8.1    11.5
 1957     7.6     8.9     9.6    11.4    11.5    14.2    14.7    15.0    14.0    12.1     9.0     8.0    10.9    14.6    11.7     8.6    11.3
 1958     7.4    10.3     9.3    10.8    13.1    13.4    14.0    15.2    13.7    12.5    10.0     7.9    11.0    14.2    12.1     8.2    11.5
 1959     8.3     8.4     9.3    11.4    11.4    13.2    14.3    14.4    14.1    12.4     8.5     7.8    10.7    14.0    11.7     8.5    11.1
 1960     8.3     9.3     8.7     9.3    12.6    13.4    14.3    14.5    13.9    14.0    10.2     8.8    10.2    14.1    12.7     8.5    11.4
 1961     8.6     8.0    11.0    12.4    13.2    13.2    14.4    14.8    14.2    12.8    10.6     7.5    12.2    14.1    12.5     8.1    11.7
 1962     8.7     8.2    11.2    11.2    13.4    14.2    14.8    15.2    15.5    11.9    11.1     7.2    11.9    14.7    12.9     7.5    11.9
 1963     7.2     8.1    10.1    10.3    10.5    13.3    13.6    15.1    14.2    11.9    11.5     8.0    10.3    14.0    12.5     8.9    11.2
 1964    10.7     8.0     9.2    11.8    12.3    12.7    14.3    14.8    14.6    15.6    10.7     8.0    11.1    13.9    13.6     8.3    11.9
 1965     7.9     8.9     9.7    10.1    12.5    13.7    14.4    14.8    15.5    11.6    10.8     7.6    10.8    14.3    12.6     8.0    11.5
 1966     6.7     9.5    10.1    11.0    12.6    14.1    14.5    14.4    13.8    13.6    10.5     7.2    11.2    14.3    12.6     8.1    11.5
 1967     8.1     9.1     9.4    10.8    11.1    13.0    13.3    13.9    14.0    12.2     8.9     7.8    10.5    13.4    11.7     8.4    11.0
 1968     8.4     9.1    10.0    12.1    12.3    12.8    14.6    14.3    13.5    11.4     8.9     6.7    11.5    13.9    11.3     7.4    11.2
 1969     6.7     8.9     8.0    10.1    12.5    13.9    13.8    15.2    14.3    11.5    12.1     7.3    10.2    14.3    12.6     7.8    11.2
 1970     7.5     8.8    10.0    13.2    12.7    13.8    14.0    14.1    14.2    11.9     9.8     7.3    12.0    14.0    12.0     8.4    11.4
 1971     9.7     8.4    10.2    10.0    12.5    13.5    13.7    13.4    14.7    13.0     9.9     7.7    10.9    13.5    12.6     8.8    11.4
 1972     9.2     9.4    10.9    11.3    11.7    12.4    13.6    13.9    13.6    11.6    10.8     9.8    11.3    13.3    12.0     9.5    11.5
 1973     9.0     9.7     9.9    10.6    13.0    12.9    14.4    14.3    14.9    12.5    10.1     8.7    11.2    13.9    12.5     8.7    11.7
 1974     8.1     9.3     9.1    10.3    12.7    14.2    14.5    13.8    13.8    14.0     9.7     7.4    10.7    14.2    12.5     7.7    11.4
 1975     8.4     7.5    11.4    11.5    11.2    13.1    13.9    14.7    13.7    12.8    10.2     8.3    11.4    13.9    12.3     8.6    11.4
 1976     8.7     8.8     9.8    10.2    11.6    13.0    14.1    14.0    14.2    11.4    10.8     7.6    10.5    13.7    12.2     8.5    11.2
 1977     7.9    10.0    10.0    11.2    12.2    13.4    14.3    15.3    13.6    13.3    11.2     7.2    11.1    14.4    12.7     7.7    11.6
 1978     7.1     8.8     9.9    10.2    13.1    14.0    15.0    14.4    14.2    12.4    11.2     7.6    11.1    14.4    12.6     7.6    11.5
 1979     7.3     7.9    10.7    11.9    12.2    13.3    14.0    14.8    15.2    10.9     9.7     7.5    11.6    14.0    11.9     7.4    11.3
 1980     7.3     7.4     9.0    10.2    12.4    14.0    15.0    14.6    14.2    13.6     9.8     7.8    10.6    14.5    12.5     7.4    11.3
 1981     6.7     7.6     9.4    11.7    11.8    13.6    13.9    14.1    15.3    13.7     9.0     7.3    11.0    13.8    12.7     7.5    11.2
 1982     7.7     7.6     9.1    10.2    12.0    13.7    13.5    14.2    14.2    12.3    10.0     8.4    10.4    13.8    12.2     7.6    11.1
 1983     6.8     7.5     9.4    11.4    12.0    12.9    13.6    14.0    14.9    12.3     7.6     7.4    10.9    13.5    11.6     7.7    10.8
 1984     7.3     8.3     8.8     9.8    12.6    13.8    13.7    13.7    15.7    14.5     8.4     7.1    10.4    13.7    12.9     6.9    11.1
 1985     6.7     7.0     9.2    11.5    12.7    13.8    14.4    15.3    14.9    11.3     9.4     7.1    11.1    14.5    11.9     7.8    11.1
 1986     8.1     8.2    11.0    13.0    11.1    13.0    14.7    15.1    14.1    12.3     9.1     9.0    11.7    14.3    11.9     8.6    11.6
 1987     7.8     9.1     9.4    10.7    12.7    13.3    14.3    14.4    15.6    10.9     9.7     6.6    10.9    14.0    12.1     7.7    11.2
 1988     8.1     8.5     9.1    10.8    12.3    12.8    13.6    14.3    14.6    10.4     8.1     7.2    10.7    13.6    11.0     9.1    10.8
 1989     9.5    10.7    10.7    14.0    13.3    13.9    14.0    14.9    14.1    10.9     9.2     7.9    12.6    14.3    11.4     8.7    11.9
 1990     9.2     9.1    12.5    10.9    12.5    13.7    14.0    14.7    14.9    13.1    10.7     8.2    12.0    14.1    12.9     8.0    12.0
 1991     7.8     8.1     9.1    10.2    11.4    13.0    13.6    13.6    14.3    11.7     9.5     6.4    10.2    13.4    11.8     7.4    10.7
 1992     7.8     7.8     9.1    11.8    12.0    12.0    13.2    14.4    14.0    13.6     9.8     6.6    11.0    13.2    12.5     7.5    11.0
 1993     8.0     8.0    10.3    11.0    10.6    13.2    14.2    14.2    15.1    14.4     8.8     8.0    10.6    13.8    12.8     7.9    11.3
 1994     7.7     8.0    10.0    12.3    12.6    13.5    13.8    14.4    15.1    11.8     8.3     6.8    11.6    13.9    11.7     8.0    11.2
 1995     7.4     9.8    10.1    10.4    12.5    13.3    13.0    13.9    13.4    12.1     9.1     7.5    11.0    13.4    11.5     7.3    11.0
 1996     6.4     8.1     7.6     9.8    12.2    13.3    13.8    13.5    12.6    10.9    11.6     7.0     9.9    13.5    11.7     8.5    10.6
 1997     8.8     9.8    10.1    10.2    12.9    13.0    13.7    13.4    13.5    10.7    10.4     7.3    11.1    13.4    11.6     8.6    11.2
 1998     8.2    10.3     9.6    11.6    11.0    13.0    14.4    14.8    14.0    13.7     9.7     7.1    10.7    14.0    12.4     8.3    11.4
 1999     8.5     9.4    10.4    11.7    13.4    12.7    13.5    14.1    14.4    12.1    10.6     9.4    11.8    13.4    12.4     8.9    11.7
 2000     8.1     9.2    11.3    11.0    12.4    13.6    15.1    13.9    14.1    11.5    12.1     8.5    11.6    14.2    12.6     9.0    11.7
 2001     8.9     9.8    11.5    11.4    11.8    14.2    14.4    14.1    14.7    13.2     9.5     6.7    11.6    14.2    12.4     8.8    11.7
 2002     8.8    10.9    10.7     9.6    12.8    13.0    13.9    13.5    13.6    12.6    11.5     7.7    11.0    13.5    12.6     7.5    11.6
 2003     7.7     7.2     9.2    10.5    13.4    14.0    14.2    14.9    13.6    12.4     9.9     7.5    11.0    14.4    12.0     8.1    11.2
 2004     7.8     9.2    11.3    12.0    12.0    13.4    14.6    14.3    15.3    13.1     9.8     8.5    11.7    14.1    12.8     8.7    11.8
 2005     8.8     8.9    10.0    11.5    12.4    13.3    14.2    14.2    13.7    11.7     9.2     8.9    11.3    13.9    11.5     8.5    11.4
 2006     7.8     8.8    10.4    11.0    12.6    13.8    13.4    15.2    13.5    10.4    10.6     9.4    11.3    14.1    11.5     9.6    11.4
 2007     9.8     9.6    10.3    11.1    13.0    13.9    14.7    14.3    14.9    12.5     9.1     7.8    11.4    14.3    12.2     9.2    11.7
 2008     9.5    10.1    11.3    11.9    12.9    13.7    14.7    14.4    13.4    11.7    10.3     8.3    12.0    14.3    11.8     8.1    11.9
 2009     8.5     7.5     9.3    11.4    12.8    14.1    13.6    14.7    13.2    13.2     9.9     7.8    11.2    14.1    12.1     7.9    11.3
 2010     7.6     8.4    10.6    11.5    13.0    13.1    13.8    15.0    14.3    10.0    12.5     8.9    11.7    14.0    12.3     8.5    11.6
 2011     7.8     8.9    10.4     9.6    11.2    13.2    14.5    14.2    14.4    11.9     9.7     9.1    10.4    14.0    12.0     8.7    11.2
 2012     7.5     9.5    10.2    12.7    11.9    14.0    14.1    14.2    14.2    12.4     9.1     7.4    11.6    14.1    11.9     8.1    11.5
 2013     7.9     9.0    10.6    11.8    11.8    13.9    13.7    14.4    14.1    13.5    10.7     8.5    11.4    14.0    12.8     9.4    11.7
 2014     9.0    10.6    11.0    12.3    12.2    13.4    14.2    14.6    13.1    11.0     9.3     7.0    11.9    14.1    11.2     7.8    11.5
 2015     8.0     8.4     9.5    11.4    12.9    13.1    14.1    14.5    14.5    10.7    11.5     8.7    11.3    13.9    12.2     9.1    11.4
 2016     8.2    10.3    10.9    13.7    11.9    13.5    14.2    14.3    13.8    12.9    12.0     7.8    12.2    14.0    12.9  -999.0    11.9
