Climatic Research Unit Country File created on Tue 19 Sep 2017 17:57:34 BST, from CRU TS run #1709081022
Country = Finland              : parameter = Diurnal Temperature Range      : Units = degrees Celsius     
Period = 1901.2016 : missing value = -999.0 : format = (i5,17f8.1)
 YEAR     JAN     FEB     MAR     APR     MAY     JUN     JUL     AUG     SEP     OCT     NOV     DEC     MAM     JJA     SON     DJF     ANN
 1901     7.8    10.6    12.3     9.2    11.5    11.0    11.3     9.9     8.6     6.4     6.0     9.3    11.0    10.7     7.0     9.5     9.5
 1902     8.2    11.0    10.5     9.0     9.4    10.0     9.3     8.4     7.4     6.4     5.7     9.2     9.6     9.2     6.5     8.2     8.7
 1903     7.1     8.4     9.1     8.4     9.9    10.7     9.5     8.2     7.9     4.8     5.5     7.1     9.1     9.5     6.0     7.2     8.0
 1904     6.5     8.1    11.2    10.0     8.9    10.3     9.3     8.3     7.8     5.6     6.5     8.1    10.0     9.3     6.7     8.7     8.4
 1905     9.4     8.5     8.5     9.2    10.4    10.4     9.5     9.1     6.7     5.0     5.5     7.7     9.4     9.7     5.7     7.9     8.3
 1906     7.8     8.2    10.3    10.8    12.0    10.4    10.5     8.7     7.9     5.8     5.8     7.7    11.0     9.9     6.5     8.0     8.8
 1907     8.2     8.1    10.4     9.1     9.3    10.8    10.1     8.4     8.2     6.1     6.0     8.3     9.6     9.8     6.7     8.3     8.6
 1908     8.4     8.1    11.0     8.5    11.0    11.1    11.5     8.7     7.3     6.6     7.0     8.3    10.2    10.4     7.0     8.7     9.0
 1909     9.0     8.8     9.4     8.5    10.6    12.0    11.3     9.0     8.4     6.4     6.5     7.1     9.5    10.8     7.1     7.1     8.9
 1910     8.1     6.2     6.6     8.3    10.4    10.6    10.3     9.8     8.5     6.1     5.8     6.6     8.4    10.3     6.8     8.3     8.1
 1911     8.4    10.1    10.0     8.8    11.3    10.4     9.5    10.4     7.0     6.6     5.5     7.1    10.1    10.1     6.4     9.0     8.8
 1912    10.0     9.9     6.7     9.1     9.9    10.7    11.0     9.9     6.8     5.7     4.6     7.4     8.6    10.5     5.7     8.2     8.5
 1913     7.2     9.9    11.2     8.7     9.8    10.1    11.3    10.0     7.0     5.8     5.5     7.0     9.9    10.5     6.1     8.1     8.6
 1914     9.5     7.8     9.7     8.5    10.3    10.7    10.7     8.5     7.3     5.7     5.5     7.3     9.5    10.0     6.2     7.2     8.5
 1915     6.3     8.0    10.8     9.6     9.2     9.4     9.4     8.1     6.5     5.7     4.5     7.8     9.9     9.0     5.6     7.6     8.0
 1916     7.4     7.5    10.5     9.1     8.8    10.3    10.5     7.0     7.5     5.8     5.4     6.6     9.5     9.2     6.2     8.1     8.0
 1917     8.6     9.3    12.5     8.8     9.0    10.8     9.2     9.7     6.4     4.2     4.9     6.9    10.1     9.9     5.2     8.3     8.4
 1918     9.3     8.6    10.2     8.2     9.6     9.4     9.7     9.2     7.0     5.0     4.9     6.2     9.3     9.4     5.7     7.2     8.1
 1919     7.0     8.5    10.1     9.2    10.1     9.8    10.1     7.6     7.8     6.4     5.0     8.0     9.8     9.2     6.4     8.2     8.3
 1920     8.3     8.3     7.9     7.6    10.2    10.4     9.4     9.0     7.3     6.7     5.6     6.8     8.5     9.6     6.5     8.1     8.1
 1921     7.6     9.8     8.6     9.0    11.0     9.4     9.4     8.6     7.1     6.0     6.1     7.9     9.5     9.1     6.4     8.3     8.4
 1922     8.5     8.5     8.6     9.3     9.6    10.1     9.5     8.4     7.4     5.3     6.5     7.4     9.2     9.3     6.4     7.3     8.3
 1923     6.8     7.6     9.1     9.4     9.3     8.6     9.2     7.6     7.0     4.8     5.8     7.3     9.3     8.5     5.9     8.0     7.7
 1924     8.3     8.4     9.8     8.3     8.8     9.4     9.2    10.2     6.9     4.8     4.9     7.0     9.0     9.6     5.5     7.0     8.0
 1925     6.9     7.2    10.1     9.1     9.0     9.3    10.9     8.7     7.3     5.8     5.6     7.8     9.4     9.6     6.2     7.9     8.1
 1926     7.1     8.9     8.4     7.9     9.3    10.0    10.3     8.7     7.5     5.5     5.7     8.4     8.5     9.7     6.3     8.4     8.1
 1927     8.3     8.5     8.6     7.6     8.5     9.4     9.9     8.6     7.2     5.8     5.7     7.0     8.2     9.3     6.2     7.8     7.9
 1928     7.8     8.5     9.5     8.9     9.1     9.2     8.4     8.4     7.0     5.3     4.9     6.0     9.2     8.7     5.7     7.5     7.8
 1929     8.2     8.3    10.4     8.8    10.2     9.8     9.1     8.6     7.4     5.1     4.4     5.2     9.8     9.2     5.6     6.8     8.0
 1930     7.2     8.2     9.2     7.7     9.8    10.3     9.2     8.0     7.0     5.3     5.6     7.1     8.9     9.2     5.9     7.3     7.9
 1931     7.7     7.1    10.8     8.5     9.9     8.0     9.7     8.7     7.2     5.8     3.8     7.0     9.7     8.8     5.6     8.0     7.9
 1932     8.2     8.8     9.5     7.6     8.9     9.7    10.3     9.1     7.3     5.2     5.1     6.9     8.6     9.7     5.8     7.1     8.0
 1933     7.1     7.2     9.8     9.2     9.5    10.1     9.7     9.1     7.7     5.1     5.5     7.6     9.5     9.6     6.1     7.8     8.1
 1934     7.4     8.2     7.8     9.4    10.4    10.0     9.8     9.4     7.4     4.9     6.0     6.1     9.2     9.7     6.1     7.3     8.1
 1935     7.6     8.0     9.7     8.1     8.7    10.0     8.9     9.0     6.5     4.4     4.4     6.4     8.8     9.3     5.1     7.5     7.7
 1936     7.2     8.9     9.1     8.4    11.3    11.1     9.0     9.1     7.8     4.8     4.7     5.7     9.6     9.8     5.8     6.7     8.1
 1937     6.7     7.6     7.5     9.7    10.7    11.0    10.2     9.9     7.5     5.9     4.7     6.4     9.3    10.4     6.0     6.7     8.1
 1938     6.7     7.0     7.6     8.0     9.2     8.9    10.5    10.1     7.9     4.4     4.2     4.6     8.3     9.8     5.5     6.4     7.4
 1939     7.1     7.4     8.1     9.4     9.6    10.7    10.2    10.7     8.0     5.1     4.5     6.9     9.0    10.6     5.9     7.9     8.2
 1940     8.1     8.9    10.7     9.2    12.4    11.2     9.6     8.8     6.2     5.3     5.6     7.0    10.8     9.9     5.7     7.7     8.6
 1941     8.8     7.3    10.7     9.4    10.5    10.1    11.7     8.2     7.0     5.5     6.0     7.9    10.2    10.0     6.2     8.3     8.6
 1942     8.4     8.5    11.5    10.0     9.3     9.9     9.8     9.1     7.8     4.9     6.1     7.2    10.3     9.6     6.3     7.3     8.5
 1943     7.8     6.9     9.3     7.4    10.0    10.8    10.0     8.0     7.8     5.6     5.0     6.8     8.9     9.6     6.1     6.7     7.9
 1944     6.1     7.1     7.9     9.8     9.0     9.7    10.6     9.6     7.6     5.1     4.0     6.0     8.9    10.0     5.6     6.5     7.7
 1945     6.7     6.7    10.1     7.3     8.9     9.4    11.0     8.9     6.1     5.7     5.7     8.0     8.8     9.8     5.8     7.8     7.9
 1946     7.5     7.9    10.5     8.5     9.4     9.3    10.4     8.6     6.4     5.7     5.5     4.5     9.5     9.4     5.9     6.5     7.8
 1947     6.1     8.8    11.1     7.4    10.8    11.1    10.1    10.5     8.4     5.7     5.1     6.7     9.8    10.6     6.4     7.6     8.5
 1948     7.3     8.7    10.1     7.5    11.0     9.9    10.8     8.2     7.4     5.3     5.0     7.5     9.5     9.6     5.9     6.9     8.2
 1949     6.4     6.8     9.3     8.2    10.2     8.8    10.2     9.3     8.5     5.8     3.5     5.4     9.2     9.4     6.0     6.8     7.7
 1950     8.0     6.9     8.5     7.4     9.3     9.7     9.7    10.6     6.6     4.5     4.3     5.6     8.4    10.0     5.1     6.9     7.6
 1951     8.1     7.0    10.2     7.6     8.8    10.2     9.7     9.9     7.7     6.1     5.7     7.3     8.8     9.9     6.5     6.5     8.2
 1952     6.6     5.6    10.5     9.2     9.1    10.2     9.6     8.6     6.8     4.4     4.7     6.5     9.6     9.5     5.3     7.7     7.6
 1953     8.1     8.6     9.9     9.2    10.1    11.3     9.1     7.8     8.1     5.4     5.2     5.4     9.7     9.4     6.2     7.6     8.2
 1954     8.4     9.0     7.2     8.4    10.4     9.4     9.1     8.3     6.8     5.0     5.1     4.3     8.7     8.9     5.6     7.0     7.6
 1955     8.2     8.6    10.1     9.8     8.1     9.8    11.0    11.5     6.7     6.0     6.9     8.6     9.4    10.8     6.5     8.6     8.8
 1956     7.1    10.1    12.4     9.6    10.9    10.3     9.7     8.0     8.1     5.3     6.4     6.3    11.0     9.4     6.6     6.6     8.7
 1957     7.4     6.2    10.7     8.7     9.1     9.4    10.3     8.6     6.0     4.8     5.5     7.3     9.5     9.4     5.4     7.8     7.8
 1958     8.2     7.9    11.9    10.1     8.6    10.6     9.7     9.9     8.1     5.0     5.1     8.2    10.2    10.1     6.1     8.0     8.6
 1959     7.7     8.0     9.1     9.6    10.1    11.1    11.4    10.7     7.2     5.6     4.4     5.8     9.6    11.1     5.7     7.7     8.4
 1960     8.0     9.3     9.0     9.6    11.9    10.1    10.1     9.2     7.1     5.9     5.5     5.7    10.2     9.8     6.2     6.7     8.4
 1961     6.8     7.6     8.0    10.6     8.8    10.2     9.3     8.2     7.8     4.6     4.9     7.7     9.2     9.2     5.8     7.9     7.9
 1962     7.9     8.0    13.4     8.2     9.0     9.6     8.7     7.9     6.7     6.0     4.4     8.2    10.2     8.7     5.7     9.4     8.2
 1963    10.0    10.0    12.5     9.0    11.9    10.2    10.4     9.1     7.6     5.1     4.9     8.1    11.1     9.9     5.9     8.0     9.1
 1964     7.4     8.5    11.8     8.6     9.9    10.1    10.5     8.6     7.5     5.5     5.3     6.9    10.1     9.7     6.1     7.3     8.4
 1965     6.8     8.3    10.2     9.9     9.7    10.6     9.6     7.8     6.8     6.4     5.9     6.2     9.9     9.3     6.4     7.9     8.2
 1966     9.2     8.4     9.9     8.1    10.1    11.3     9.9     9.3     6.8     5.7     5.0     5.2     9.4    10.2     5.8     7.2     8.2
 1967     9.2     7.3     6.4     8.3     9.8    10.0    10.1     8.4     8.0     5.4     4.3     8.4     8.2     9.5     5.9     8.7     8.0
 1968     8.6     9.1     9.2     8.7     9.3    10.6     9.4     9.9     7.4     6.3     5.5     6.0     9.1    10.0     6.4     7.4     8.3
 1969     7.8     8.4    12.2     9.4     9.9    10.9    10.5    11.2     7.2     5.5     5.2     7.3    10.5    10.9     6.0     8.3     8.8
 1970     8.2     9.4     7.3     8.1    10.7    12.3     9.6    10.0     6.8     5.0     5.7     7.2     8.7    10.6     5.8     7.3     8.3
 1971     7.4     7.3    10.2     9.0    10.5    10.6    10.8     8.7     8.2     6.3     7.4     7.4     9.9    10.1     7.3     7.5     8.7
 1972     7.3     7.8     9.3     7.2     9.7    11.0    11.0     9.5     7.7     5.4     5.4     5.2     8.7    10.5     6.2     6.5     8.0
 1973     6.7     7.7     9.1     7.2     9.6    10.7    11.6     9.5     7.5     6.7     6.8     9.3     8.7    10.6     7.0     7.3     8.5
 1974     7.1     5.7     8.8     9.5    10.2    10.7     8.4     8.4     7.2     4.2     4.3     4.8     9.5     9.2     5.3     6.5     7.4
 1975     6.9     7.9     7.3     8.9    10.6    10.2    10.7     9.7     8.0     6.6     6.1     8.5     9.0    10.2     6.9     8.4     8.5
 1976     8.7     8.0     9.8     8.8    11.9     9.7     9.7    10.9     8.6     6.0     5.7     6.1    10.2    10.1     6.8     6.7     8.7
 1977     6.7     7.3     8.7     7.7     9.7    10.4     9.4     9.1     7.2     5.2     4.8     6.7     8.7     9.6     5.7     8.1     7.7
 1978     8.8     8.8     7.8     8.7    12.2    10.7     9.9     8.1     6.5     6.3     6.5     9.1     9.5     9.6     6.4     8.6     8.6
 1979     7.9     8.9     7.2     8.4    10.4    10.6     9.4     8.8     7.4     5.7     4.7     6.6     8.7     9.6     5.9     8.0     8.0
 1980     8.4     8.9    11.0     8.3    10.0    11.3    11.3     9.3     7.8     5.2     7.2     8.4     9.8    10.7     6.7     8.5     8.9
 1981     8.6     8.6    11.2     8.8    11.9     9.1     9.1     7.4     6.9     4.6     4.9     7.3    10.7     8.5     5.5     8.4     8.2
 1982     9.4     8.5     7.7     8.5     9.2     9.6    11.0     9.1     8.1     5.3     5.4     6.3     8.4     9.9     6.3     7.8     8.2
 1983     7.2    10.0     8.5     7.9     9.8     9.6    10.3     9.9     6.4     5.2     7.5     7.9     8.7     9.9     6.4     7.3     8.4
 1984     7.3     6.7    10.1     8.8    11.9    10.3     8.3     9.4     6.4     4.6     5.4     5.6    10.3     9.3     5.5     7.9     7.9
 1985     9.0     9.1     7.8     9.9     9.7    10.1    10.1     8.1     7.1     5.9     5.3     9.0     9.1     9.4     6.1     8.7     8.4
 1986     7.2     9.8     6.9     8.7     9.6    11.2     9.8     7.6     7.2     5.1     4.7     7.7     8.4     9.5     5.7     8.5     8.0
 1987     8.9     8.9     9.6     9.7     9.8     8.8     9.8     7.9     6.0     4.7     4.7     8.8     9.7     8.8     5.2     7.2     8.1
 1988     6.8     6.2     6.9     9.3    11.6    10.9     9.9     7.1     7.0     6.7     7.3     9.2     9.3     9.3     7.0     7.9     8.2
 1989     7.2     7.2     5.5     8.4    10.7    10.8    10.2     8.8     7.7     5.3     5.0     7.4     8.2     9.9     6.0     6.6     7.8
 1990     7.4     5.1     8.5    10.0    10.0    10.2     8.5     9.0     6.8     5.6     6.4     6.7     9.5     9.3     6.3     7.7     7.8
 1991     8.4     8.1     8.8     8.9     9.0     8.9     9.4     8.8     7.6     5.2     4.9     7.3     8.9     9.0     5.9     7.5     7.9
 1992     7.9     7.3     6.2     7.6    11.2    12.0     9.4     7.4     6.3     6.4     6.2     6.0     8.3     9.6     6.3     7.1     7.8
 1993     7.5     7.8     8.5     9.6    11.4     8.7     9.3     7.4     8.0     6.3     5.2     6.1     9.8     8.5     6.5     7.8     8.0
 1994     7.9     9.5     8.8     8.1    10.7     9.9    11.5    10.0     7.4     5.8     6.4     6.0     9.2    10.5     6.6     6.6     8.5
 1995     7.1     6.8     5.9     8.6     9.9     9.8    10.2     9.8     7.7     5.9     7.6     8.2     8.1     9.9     7.1     8.1     8.1
 1996     6.7     9.3    10.9     9.0    10.3     9.5     9.3    11.2     7.9     4.9     5.7     7.2    10.1    10.0     6.2     8.2     8.5
 1997     9.5     7.9     8.3     9.6     9.6    11.5    10.7    10.9     7.3     5.2     4.8     7.0     9.2    11.0     5.8     7.7     8.5
 1998     6.4     9.7    10.9    10.8     9.8     9.2     9.1     7.2     6.9     5.5     5.4     6.9    10.5     8.5     5.9     7.4     8.2
 1999     7.5     7.9     8.0     9.2    10.4    10.9    10.0    10.0     7.8     4.9     5.2     7.7     9.2    10.3     6.0     7.8     8.3
 2000     8.0     7.8     8.6     8.3    10.4     9.7     9.7     9.0     8.2     4.9     3.9     5.9     9.1     9.4     5.7     6.8     7.9
 2001     5.8     8.8    10.6     9.1     9.6    10.4     9.7     9.5     7.6     5.3     6.9     7.2     9.8     9.8     6.6     7.5     8.4
 2002     7.9     7.4     9.6     9.6    11.8    11.0     9.6    11.0     8.2     5.8     6.0     7.8    10.3    10.5     6.7     8.7     8.8
 2003     9.7     8.5     7.9     9.6    10.4    10.3    10.5     7.9     8.8     5.7     4.5     7.6     9.3     9.6     6.3     7.8     8.5
 2004     7.2     8.7     8.5    11.0    10.6    10.3     9.5     8.8     6.8     5.7     6.3     7.5    10.0     9.5     6.2     7.2     8.4
 2005     6.4     7.6    10.9     9.5     9.6    10.5    11.1     8.7     8.6     6.2     4.7     6.7    10.0    10.1     6.5     7.5     8.4
 2006     7.1     8.6    11.3     8.4    11.5    10.7    11.1    10.5     7.8     5.6     4.6     5.7    10.4    10.8     6.0     7.6     8.6
 2007     7.8     9.2     8.5     9.7    10.0    11.0     9.1     9.4     7.8     5.3     5.5     5.7     9.4     9.9     6.2     6.3     8.3
 2008     6.1     7.2     8.2     9.2    10.6    10.2     9.9     7.6     7.8     5.4     6.2     5.1     9.4     9.3     6.4     6.5     7.8
 2009     7.1     7.3     8.1     9.7    11.6    10.1     9.9     9.9     8.1     6.1     3.8     6.9     9.8    10.0     6.0     7.9     8.2
 2010     7.8     8.9    10.4     8.4    10.6    10.4    10.5     8.9     7.7     5.8     5.8     7.6     9.8     9.9     6.4     8.1     8.6
 2011     8.0     8.9     9.7     9.2    10.5    11.0    10.0     9.3     6.9     5.5     5.6     4.8     9.8    10.1     6.0     6.7     8.3
 2012     6.4     8.8     8.9     9.5    10.8     9.7     9.6     9.7     7.2     5.5     5.0     6.6     9.7     9.7     5.9     7.0     8.1
 2013     7.6     6.7    12.7     9.7    11.7    10.6    10.2    10.5     8.0     6.4     6.2     6.8    11.4    10.4     6.8     6.2     8.9
 2014     6.8     5.0     8.1     9.5    11.0    10.0    11.3     9.2     9.1     6.0     5.4     6.5     9.5    10.2     6.8     6.9     8.2
 2015     7.2     7.1     8.1     7.6    10.0     9.6     9.1    10.6     7.8     6.7     4.6     7.4     8.5     9.8     6.3     7.5     8.0
 2016     9.2     5.9     7.8     8.2    12.7    10.0     9.5     8.5     7.2     4.9     4.9     7.3     9.6     9.3     5.7  -999.0     8.0
