Climatic Research Unit Country File created on Tue 19 Sep 2017 17:57:34 BST, from CRU TS run #1709081022
Country = Argentina            : parameter = Diurnal Temperature Range      : Units = degrees Celsius     
Period = 1901.2016 : missing value = -999.0 : format = (i5,17f8.1)
 YEAR     JAN     FEB     MAR     APR     MAY     JUN     JUL     AUG     SEP     OCT     NOV     DEC     MAM     JJA     SON     DJF     ANN
 1901    14.0    13.5    13.0    13.0    12.1    11.4    12.4    13.5    13.8    13.9    14.2    14.2    12.7    12.4    14.0    14.0    13.3
 1902    14.1    13.6    13.1    12.8    12.1    11.1    12.3    13.7    14.0    14.0    14.6    14.6    12.7    12.4    14.2    14.3    13.3
 1903    14.5    14.0    13.4    12.8    12.0    11.3    12.1    13.4    13.8    14.1    14.5    14.4    12.8    12.2    14.1    14.2    13.3
 1904    14.3    14.0    13.3    12.9    11.9    11.1    11.9    13.5    14.2    14.2    14.5    14.3    12.7    12.2    14.3    14.2    13.3
 1905    14.2    14.0    13.5    12.9    12.0    11.1    12.1    13.4    13.7    14.0    14.1    14.1    12.8    12.2    14.0    13.9    13.3
 1906    14.0    13.6    12.9    12.7    11.9    11.3    12.3    13.5    14.0    13.9    14.2    14.2    12.5    12.4    14.0    13.9    13.2
 1907    14.0    13.6    13.2    12.7    12.0    11.1    11.9    13.2    14.0    13.8    14.3    14.3    12.6    12.1    14.0    14.0    13.2
 1908    14.1    13.6    13.2    12.9    12.1    11.0    12.0    13.2    13.7    13.9    14.3    14.2    12.7    12.1    14.0    13.9    13.2
 1909    13.9    13.6    13.2    12.7    12.1    11.4    12.4    13.6    13.9    14.0    14.4    14.3    12.7    12.5    14.1    13.9    13.3
 1910    13.9    13.5    13.0    12.9    12.1    11.5    11.9    13.2    13.7    13.9    14.8    14.9    12.7    12.2    14.1    14.4    13.3
 1911    13.9    14.4    13.2    12.9    12.2    11.3    11.9    13.3    13.6    13.8    13.9    13.9    12.8    12.1    13.8    13.7    13.2
 1912    13.9    13.3    12.9    12.8    11.8    11.0    11.8    13.5    13.6    13.9    14.2    14.1    12.5    12.1    13.9    13.9    13.1
 1913    14.0    13.6    13.1    12.6    12.1    11.2    12.0    13.3    13.9    14.2    14.1    15.0    12.6    12.2    14.1    14.6    13.3
 1914    14.7    14.2    13.8    13.3    12.7    11.7    12.5    13.3    14.4    13.8    14.9    14.8    13.3    12.5    14.4    14.5    13.7
 1915    14.6    14.2    13.8    13.5    12.8    11.5    12.8    13.3    13.8    13.8    14.8    14.8    13.4    12.5    14.2    14.6    13.6
 1916    14.8    14.2    13.7    13.5    12.7    11.4    12.0    13.5    13.7    13.8    14.1    13.9    13.3    12.3    13.9    13.8    13.4
 1917    13.8    13.5    13.0    12.7    11.9    11.0    12.0    13.2    13.7    13.8    14.1    14.0    12.6    12.1    13.9    13.8    13.1
 1918    13.9    13.3    13.0    12.5    11.9    11.1    12.1    13.1    13.7    13.9    14.0    14.1    12.5    12.1    13.9    13.9    13.1
 1919    14.1    13.6    13.2    12.6    11.5    11.0    11.8    13.0    13.7    13.6    14.2    14.1    12.4    12.0    13.8    13.8    13.0
 1920    14.0    13.4    12.9    12.7    11.8    11.0    12.1    13.3    13.5    13.8    14.0    13.8    12.5    12.1    13.8    13.7    13.0
 1921    13.9    13.3    12.9    12.5    11.5    11.2    11.8    13.0    13.5    13.6    13.8    13.9    12.3    12.0    13.6    13.6    12.9
 1922    13.8    13.3    12.9    12.6    11.8    11.1    11.7    13.2    13.4    13.6    13.9    13.9    12.4    12.0    13.6    13.8    12.9
 1923    13.9    13.6    13.0    12.7    11.9    10.9    11.8    13.1    13.6    13.9    13.9    14.0    12.5    11.9    13.8    13.7    13.0
 1924    13.6    13.5    12.8    12.6    11.7    11.0    11.7    13.2    13.5    13.5    13.8    13.8    12.4    12.0    13.6    13.6    12.9
 1925    13.7    13.3    12.9    12.3    11.8    11.0    11.6    13.0    13.5    13.7    13.9    13.8    12.3    11.9    13.7    13.7    12.9
 1926    13.8    13.4    12.8    12.3    11.7    10.8    11.9    13.1    13.6    13.6    14.2    14.1    12.3    11.9    13.8    13.8    12.9
 1927    13.9    13.4    12.9    12.7    11.8    10.9    11.7    13.0    13.7    13.8    14.2    14.3    12.5    11.9    13.9    13.9    13.0
 1928    14.0    13.6    13.0    12.6    11.9    11.0    11.9    13.1    13.6    13.8    14.0    14.1    12.5    12.0    13.8    14.2    13.1
 1929    14.5    13.9    13.2    12.8    12.3    11.3    12.1    13.4    13.9    14.2    14.5    14.0    12.8    12.3    14.2    13.8    13.3
 1930    13.8    13.6    13.0    12.9    12.0    11.3    12.1    13.3    13.7    13.9    14.1    14.0    12.6    12.2    13.9    13.9    13.1
 1931    13.9    13.6    13.1    12.6    11.9    11.3    12.0    13.3    13.6    13.7    14.1    14.0    12.5    12.2    13.8    13.6    13.1
 1932    13.4    13.3    12.5    12.4    11.6    11.0    11.8    13.3    13.4    13.5    13.8    13.4    12.2    12.0    13.5    13.4    12.8
 1933    13.8    13.1    12.7    12.4    11.7    10.9    12.0    13.3    14.0    13.6    13.8    14.1    12.3    12.0    13.8    13.8    12.9
 1934    13.8    13.5    12.9    12.8    11.8    11.0    12.0    13.3    14.0    14.0    14.0    14.1    12.5    12.1    14.0    13.6    13.1
 1935    13.7    13.1    12.6    12.6    12.2    11.5    12.2    13.5    14.0    14.1    13.8    14.1    12.5    12.4    14.0    14.1    13.1
 1936    14.1    14.0    13.5    12.9    12.5    11.7    12.4    13.8    14.1    14.3    14.3    14.5    13.0    12.6    14.2    14.3    13.5
 1937    14.4    13.9    13.8    12.8    12.1    11.3    12.2    13.4    14.0    14.4    14.5    14.4    12.9    12.3    14.3    14.2    13.4
 1938    14.3    13.9    13.5    13.0    11.8    11.1    12.2    13.8    13.7    13.9    13.9    14.2    12.8    12.4    13.8    14.3    13.3
 1939    14.2    14.4    13.1    13.6    12.5    11.0    13.1    14.0    12.9    12.5    14.0    14.4    13.1    12.7    13.1    14.4    13.3
 1940    14.6    14.2    14.2    12.8    11.7    10.8    11.4    12.9    13.3    13.1    14.4    13.9    12.9    11.7    13.6    14.4    13.1
 1941    14.7    14.6    13.1    12.7    11.9    11.8    12.1    13.6    15.1    14.7    14.3    14.2    12.6    12.5    14.7    14.3    13.6
 1942    14.5    14.3    13.7    13.6    11.7    12.1    13.2    13.6    13.9    14.5    15.4    15.6    13.0    13.0    14.6    15.5    13.8
 1943    15.5    15.4    13.5    13.5    11.9    10.3    11.5    14.4    14.7    14.2    14.6    15.4    13.0    12.1    14.5    14.5    13.7
 1944    13.9    14.4    14.1    14.2    12.1    12.2    12.1    13.8    14.8    13.1    14.9    15.2    13.4    12.7    14.3    15.2    13.7
 1945    15.8    14.5    13.1    13.7    13.6    11.2    13.0    13.4    13.1    13.8    14.5    14.3    13.5    12.5    13.8    13.8    13.7
 1946    14.2    13.0    12.8    12.5    11.3    11.0    11.9    13.2    13.3    13.7    14.4    14.6    12.2    12.0    13.8    14.0    13.0
 1947    13.9    13.5    13.0    12.9    12.0    11.0    12.0    13.4    13.7    14.3    14.7    14.4    12.6    12.1    14.2    14.0    13.2
 1948    14.0    13.7    13.3    12.7    11.9    10.8    11.8    13.3    13.8    13.9    14.1    14.0    12.7    12.0    14.0    14.1    13.1
 1949    14.2    14.0    12.8    12.6    11.8    10.9    11.8    13.4    13.5    14.3    14.4    14.4    12.4    12.0    14.1    14.2    13.2
 1950    14.3    13.9    13.1    12.6    11.9    11.2    12.0    13.1    13.8    13.5    13.8    13.9    12.5    12.1    13.7    14.0    13.1
 1951    14.1    13.9    13.3    12.4    11.3    10.9    11.7    13.0    13.8    13.8    14.1    14.1    12.3    11.9    13.9    13.9    13.0
 1952    14.0    13.7    13.2    12.5    12.0    10.8    11.6    13.2    13.4    13.3    13.9    13.9    12.5    11.8    13.5    14.0    12.9
 1953    14.2    14.0    12.8    12.8    12.0    11.1    12.2    13.2    13.6    14.0    13.8    14.6    12.5    12.2    13.8    14.1    13.2
 1954    14.1    13.5    12.9    13.1    12.0    11.5    12.4    13.1    13.9    13.8    14.0    14.2    12.7    12.3    13.9    13.9    13.2
 1955    14.1    13.3    13.1    12.5    12.2    11.0    12.4    13.7    13.8    13.9    14.1    13.8    12.6    12.4    14.0    13.9    13.2
 1956    14.0    13.7    13.3    12.8    12.0    11.1    12.4    13.6    13.8    13.9    14.5    14.1    12.7    12.4    14.1    14.1    13.3
 1957    14.1    14.1    13.0    13.4    11.5    10.9    12.3    13.1    14.0    13.8    14.6    14.2    12.6    12.1    14.1    14.1    13.3
 1958    14.2    13.9    13.8    12.6    12.1    11.0    11.5    13.6    14.0    13.9    14.1    14.4    12.8    12.0    14.0    14.0    13.3
 1959    14.1    13.6    13.1    13.2    12.1    12.0    12.2    13.4    14.3    14.3    14.6    14.7    12.8    12.5    14.4    14.5    13.5
 1960    14.4    14.5    14.6    12.6    12.9    11.2    12.3    13.5    14.1    14.1    14.6    14.7    13.4    12.3    14.3    14.2    13.6
 1961    14.6    13.4    13.3    12.7    12.1    11.5    12.1    13.1    13.4    13.4    14.5    14.8    12.7    12.2    13.8    14.8    13.2
 1962    14.7    15.0    14.6    12.5    12.4    13.0    12.4    14.0    14.8    15.0    14.7    14.6    13.2    13.1    14.8    13.9    14.0
 1963    14.0    13.1    12.6    12.7    11.9    11.1    10.9    13.1    10.7    12.5    13.1    13.7    12.4    11.7    12.1    14.3    12.5
 1964    15.1    14.2    12.3    12.0    11.1    11.7    13.4    14.7    13.7    14.1    14.2    14.3    11.8    13.3    14.0    14.4    13.4
 1965    14.5    14.2    14.8    13.4    11.9    10.3    11.3    13.0    14.3    14.9    13.8    13.2    13.4    11.6    14.4    13.5    13.3
 1966    13.7    13.7    13.6    11.1    12.7    10.8    11.9    14.6    14.6    14.5    13.5    13.5    12.5    12.5    14.2    14.2    13.2
 1967    14.5    14.5    14.1    13.9    11.6    12.0    11.9    13.2    13.9    12.3    14.4    15.5    13.2    12.4    13.5    15.1    13.5
 1968    15.3    14.4    13.8    14.8    15.2    10.2    12.1    13.1    14.1    12.5    14.5    14.1    14.6    11.8    13.7    14.5    13.7
 1969    15.1    14.2    13.4    13.9    11.3    11.4    12.4    14.3    14.7    14.6    13.9    14.9    12.9    12.7    14.4    14.4    13.7
 1970    13.5    14.8    13.2    13.6    12.7    11.6    13.5    14.4    14.9    13.9    15.1    15.1    13.2    13.1    14.6    14.1    13.9
 1971    13.3    14.0    13.4    13.3    13.3    11.9    12.9    14.0    13.5    14.4    15.6    15.7    13.3    12.9    14.5    15.2    13.8
 1972    14.7    15.2    13.3    13.7    11.0     9.6    12.3    11.9    13.5    13.7    13.6    13.7    12.7    11.3    13.6    13.6    13.0
 1973    13.6    13.6    12.1    11.3    11.8    10.6    10.0    14.0    14.3    13.7    14.6    14.5    11.7    11.5    14.2    13.4    12.8
 1974    13.5    12.2    13.2    14.1    11.0    11.5    11.5    14.0    13.6    15.3    15.7    14.2    12.8    12.3    14.9    14.1    13.3
 1975    14.3    13.9    12.3    12.7    11.0    10.6    12.9    12.9    13.8    14.8    14.4    15.8    12.0    12.1    14.3    14.4    13.3
 1976    14.0    13.4    13.3    14.1    12.2    11.7    13.0    12.5    14.0    13.6    14.1    13.1    13.2    12.4    13.9    12.9    13.2
 1977    12.9    12.5    12.8    13.2    12.5    11.1    11.6    13.1    14.2    13.8    14.0    13.0    12.8    11.9    14.0    13.1    12.9
 1978    13.2    13.2    12.5    14.4    12.6    12.0    10.9    13.5    13.8    12.7    13.5    14.1    13.1    12.1    13.3    13.9    13.0
 1979    13.9    13.9    13.1    13.2    12.5    13.3    11.9    12.2    13.2    13.7    13.2    13.1    13.0    12.4    13.3    14.0    13.1
 1980    15.2    13.9    12.9    10.9    10.5    10.4    13.0    13.9    15.7    13.7    13.9    14.0    11.4    12.4    14.5    13.2    13.2
 1981    12.7    12.8    13.3    10.8    10.6    11.1    12.8    13.6    14.2    14.3    13.8    14.6    11.6    12.5    14.1    14.2    12.9
 1982    14.8    13.4    13.6    12.0    12.1     8.9    10.7    12.7    11.6    14.0    13.8    14.3    12.6    10.8    13.1    13.5    12.7
 1983    13.1    13.2    13.0    11.8    10.2    11.5    11.9    13.0    14.5    14.6    14.6    14.5    11.7    12.1    14.5    13.4    13.0
 1984    13.1    12.6    11.5    12.3    11.3     9.3    10.8    12.9    12.3    12.8    12.6    13.0    11.7    11.0    12.6    13.3    12.1
 1985    13.9    13.0    13.4    12.4    12.6    10.7    11.3    13.1    13.3    12.4    13.4    13.7    12.8    11.7    13.1    13.9    12.8
 1986    14.1    13.8    13.4    11.6    11.6    10.8    12.1    12.0    12.9    13.0    13.4    13.9    12.2    11.6    13.1    13.9    12.7
 1987    13.8    14.1    12.8    12.6    11.8    12.7    11.0    11.7    13.9    13.6    13.3    13.6    12.4    11.8    13.6    13.7    12.9
 1988    13.6    13.9    12.8    12.9    12.4    12.6    13.0    13.6    13.7    14.7    15.7    14.9    12.7    13.0    14.7    14.9    13.6
 1989    14.8    14.9    13.3    13.2    12.9    10.4    12.7    13.1    14.1    14.6    14.7    13.6    13.1    12.1    14.4    13.3    13.5
 1990    14.1    12.4    12.2    11.7    11.8    12.2    11.8    13.9    13.5    13.3    14.1    13.6    11.9    12.6    13.6    13.6    12.9
 1991    13.2    14.0    12.8    12.7    11.6    10.5    11.6    12.9    12.8    13.7    13.5    13.1    12.4    11.7    13.3    13.3    12.7
 1992    13.5    13.2    13.1    12.2    11.2     9.9    11.2    13.4    13.0    13.5    13.8    12.9    12.1    11.5    13.4    13.3    12.6
 1993    13.2    13.9    12.9    12.6    11.8    11.5    11.5    14.3    14.0    13.0    13.9    13.9    12.4    12.5    13.6    13.7    13.0
 1994    14.2    13.1    13.2    12.3    11.0    10.9    11.9    13.0    13.5    12.6    13.8    14.0    12.2    12.0    13.3    13.6    12.8
 1995    13.0    13.8    13.3    14.1    12.3    11.6    13.0    13.4    13.9    14.1    14.0    15.4    13.2    12.7    14.0    14.1    13.5
 1996    13.7    13.2    13.5    11.7    11.9    11.3    13.5    14.0    14.2    13.5    14.3    12.7    12.4    13.0    14.0    13.2    13.1
 1997    13.5    13.4    13.2    13.7    12.0    10.5    11.5    12.5    12.9    12.8    12.5    12.8    13.0    11.5    12.8    12.3    12.6
 1998    12.8    11.4    12.3    10.5    11.2    10.3    11.8    12.7    14.0    14.6    14.0    14.8    11.3    11.6    14.2    14.2    12.5
 1999    14.2    13.7    11.3    12.1    11.1    10.3    11.6    13.8    13.4    13.4    14.4    14.2    11.5    11.9    13.7    13.7    12.8
 2000    14.0    12.9    12.5    11.7    10.4    10.2    12.2    13.0    13.5    12.8    13.2    14.1    11.5    11.8    13.2    13.6    12.5
 2001    13.3    13.3    12.1    11.9    10.4    10.7    11.6    12.5    11.8    11.6    13.6    14.6    11.4    11.6    12.4    14.1    12.3
 2002    14.1    13.7    11.8    11.7    10.9    11.3    11.5    12.6    13.6    13.3    13.8    12.8    11.5    11.8    13.6    13.6    12.6
 2003    13.8    14.3    12.8    12.1    11.5    10.4    12.8    13.5    14.8    14.4    14.7    13.6    12.1    12.2    14.6    14.0    13.2
 2004    14.6    13.8    13.9    11.6    11.6    11.5    11.4    12.7    14.2    14.0    13.3    13.4    12.4    11.9    13.8    13.6    13.0
 2005    14.1    13.4    13.1    13.2    11.9     8.9    12.3    12.3    14.0    13.8    14.3    13.9    12.8    11.2    14.0    13.9    12.9
 2006    14.0    13.7    13.3    12.6    12.9    10.3    12.0    14.5    15.3    13.5    14.1    13.8    12.9    12.3    14.3    13.4    13.3
 2007    13.1    13.3    11.9    12.2    11.7    12.7    13.2    13.4    12.9    13.0    15.0    14.9    11.9    13.1    13.6    13.9    13.1
 2008    13.4    13.5    13.1    14.6    13.1    12.0    11.7    14.3    14.9    13.8    15.2    14.4    13.6    12.7    14.6    14.5    13.7
 2009    15.1    13.9    14.1    14.5    12.3    13.2    13.6    14.3    13.7    15.3    13.4    12.6    13.6    13.7    14.2    12.8    13.8
 2010    13.9    11.9    13.2    13.4    12.0    11.1    12.7    13.8    13.5    14.3    15.1    14.8    12.9    12.5    14.3    13.7    13.3
 2011    13.7    12.8    13.6    13.4    11.9    10.9    12.6    13.3    15.1    13.3    14.1    15.0    13.0    12.3    14.2    14.2    13.3
 2012    14.8    12.9    13.5    12.2    11.6    12.0    13.5    12.6    13.4    12.7    14.0    13.2    12.4    12.7    13.4    13.7    13.0
 2013    14.3    13.7    12.9    13.9    12.2    12.2    12.3    14.7    13.5    14.3    14.4    14.9    13.0    13.1    14.0    13.8    13.6
 2014    14.6    11.9    13.0    11.2    10.1    11.0    12.0    14.1    12.7    13.4    14.1    14.0    11.4    12.4    13.4    13.5    12.7
 2015    13.7    12.8    12.9    12.6    10.9    11.5    12.5    11.8    13.5    12.6    13.3    13.5    12.1    12.0    13.1    13.0    12.6
 2016    13.1    12.5    13.3    10.5     9.4    11.2    11.0    14.3    14.8    12.7    14.7    14.4    11.1    12.1    14.1  -999.0    12.6
